4.885792437459386961e-01 7.617394000445604219e-01 2.288099441403300682e-01 4.967426363352027696e-01 -4.001510288896547585e-01 8.878615103696670119e-02 1.404931982731375095e+00 2.035357092363773379e+00 2.614301598647069125e-01 -2.420153478013910231e+00 1.240076891839540840e+00
4.885792437459386961e-01 7.617394000445604219e-01 2.288099441403300682e-01 4.967426363352027696e-01 -4.001510288896547585e-01 8.878615103696670119e-02 1.409372321890240976e+00 2.035357092363773379e+00 2.614301598647069125e-01 -2.420153478013910231e+00 1.240076891839540840e+00
4.885792437459386961e-01 7.617394000445604219e-01 2.288099441403300682e-01 4.967426363352027696e-01 -4.001510288896547585e-01 8.878615103696670119e-02 1.404931982731375095e+00 2.035357092363773379e+00 2.718790778819464293e-01 -2.420153478013910231e+00 1.240076891839540840e+00
4.885792437459386961e-01 7.617394000445604219e-01 2.288099441403300682e-01 4.967426363352027696e-01 -4.001510288896547585e-01 8.878615103696670119e-02 1.404931982731375095e+00 2.061913077096873437e+00 2.614301598647069125e-01 -2.420153478013910231e+00 1.240076891839540840e+00
4.885792437459386961e-01 7.617394000445604219e-01 2.288099441403300682e-01 4.967426363352027696e-01 -4.001510288896547585e-01 3.288058464597770625e-01 1.404931982731375095e+00 2.035357092363773379e+00 2.614301598647069125e-01 -2.420153478013910231e+00 1.240076891839540840e+00
4.885792437459386961e-01 7.617394000445604219e-01 2.288099441403300682e-01 4.967426363352027696e-01 -4.001510288896547585e-01 8.878615103696670119e-02 2.508729858844999328e+00 4.041209445958218183e+00 2.614301598647069125e-01 4.131969352706676979e-01 1.240076891839540840e+00
4.885792437459386961e-01 -1.312784923481050914e+00 2.288099441403300682e-01 4.967426363352027696e-01 -4.001510288896547585e-01 8.878615103696670119e-02 1.404931982731375095e+00 3.102420294426399217e+00 2.614301598647069125e-01 4.131969352706676979e-01 1.240076891839540840e+00
4.885792437459386961e-01 7.617394000445604219e-01 2.288099441403300682e-01 4.967426363352027696e-01 -4.001510288896547585e-01 8.878615103696670119e-02 1.404931982731375095e+00 2.011242618019094763e+00 -1.184307694596551386e-01 -2.420153478013910231e+00 1.240076891839540840e+00
4.885792437459386961e-01 7.617394000445604219e-01 2.288099441403300682e-01 4.967426363352027696e-01 -4.001510288896547585e-01 8.878615103696670119e-02 1.257911159857286965e+00 2.035357092363773379e+00 7.248634733013386011e-01 -2.420153478013910231e+00 1.240076891839540840e+00
4.885792437459386961e-01 7.617394000445604219e-01 1.205065705805738352e+00 4.967426363352027696e-01 -4.001510288896547585e-01 8.878615103696670119e-02 2.028136163085945576e+00 4.040776621086954457e+00 2.614301598647069125e-01 4.131969352706676979e-01 1.240076891839540840e+00
