4.885792437459386961e-01 7.617394000445604219e-01 2.288099441403300682e-01 4.967426363352027696e-01 2.499056425707089080e+00 -5.556826111353919684e-01 -5.823329553492377908e-01 -9.657949253929819511e-01 -6.595715042458202282e-01 4.131969352706676979e-01 -1.347909665042979377e+00
4.885792437459386961e-01 7.617394000445604219e-01 2.288099441403300682e-01 4.967426363352027696e-01 2.499056425707089080e+00 -5.645056985343037681e-01 -5.823329553492377908e-01 -9.657949253929819511e-01 -6.595715042458202282e-01 4.131969352706676979e-01 -1.347909665042979377e+00
4.885792437459386961e-01 7.617394000445604219e-01 2.288099441403300682e-01 4.967426363352027696e-01 2.499056425707089080e+00 -5.556826111353919684e-01 -5.823329553492377908e-01 -9.296884303348303957e-01 -6.595715042458202282e-01 4.131969352706676979e-01 -1.347909665042979377e+00
4.885792437459386961e-01 7.617394000445604219e-01 2.288099441403300682e-01 4.967426363352027696e-01 2.499056425707089080e+00 -5.556826111353919684e-01 -5.823329553492377908e-01 -9.657949253929819511e-01 -7.169582679198116537e-01 4.131969352706676979e-01 -1.347909665042979377e+00
4.885792437459386961e-01 7.617394000445604219e-01 2.288099441403300682e-01 4.967426363352027696e-01 2.499056425707089080e+00 -5.556826111353919684e-01 -5.823329553492377908e-01 -9.533478197435051316e-01 -1.188199834745407468e+00 4.131969352706676979e-01 -1.347909665042979377e+00
4.885792437459386961e-01 7.617394000445604219e-01 2.288099441403300682e-01 4.967426363352027696e-01 2.499056425707089080e+00 -5.556826111353919684e-01 1.205176737622540850e-01 -9.657949253929819511e-01 -6.595715042458202282e-01 4.131969352706676979e-01 -1.347909665042979377e+00
4.885792437459386961e-01 7.617394000445604219e-01 -7.474458175250782155e-01 4.967426363352027696e-01 2.499056425707089080e+00 -5.556826111353919684e-01 -5.823329553492377908e-01 -9.657949253929819511e-01 -6.595715042458202282e-01 4.131969352706676979e-01 -1.347909665042979377e+00
4.885792437459386961e-01 7.617394000445604219e-01 1.205065705805738352e+00 4.967426363352027696e-01 2.499056425707089080e+00 -5.347462084183929321e-01 -5.823329553492377908e-01 -9.657949253929819511e-01 -6.595715042458202282e-01 4.131969352706676979e-01 -1.347909665042979377e+00
4.885792437459386961e-01 7.617394000445604219e-01 1.205065705805738352e+00 4.967426363352027696e-01 2.499056425707089080e+00 -5.556826111353919684e-01 -5.369264901594482664e-01 -9.657949253929819511e-01 -6.595715042458202282e-01 4.131969352706676979e-01 -1.347909665042979377e+00
4.885792437459386961e-01 7.617394000445604219e-01 -7.474458175250782155e-01 4.967426363352027696e-01 2.499056425707089080e+00 -5.556826111353919684e-01 -5.823329553492377908e-01 -1.014356185270219868e+00 -6.595715042458202282e-01 4.131969352706676979e-01 -1.347909665042979377e+00
4.885792437459386961e-01 7.617394000445604219e-01 2.288099441403300682e-01 4.967426363352027696e-01 2.499056425707089080e+00 -5.556826111353919684e-01 3.823293997911267894e-01 -9.657949253929819511e-01 -3.547491043381310050e-01 4.131969352706676979e-01 -1.347909665042979377e+00
4.885792437459386961e-01 7.617394000445604219e-01 2.288099441403300682e-01 4.967426363352027696e-01 2.499056425707089080e+00 -5.556826111353919684e-01 -5.823329553492377908e-01 -9.657949253929819511e-01 -6.595715042458202282e-01 4.131969352706676979e-01 -5.391638660171926833e-02
4.885792437459386961e-01 7.617394000445604219e-01 2.288099441403300682e-01 4.967426363352027696e-01 2.499056425707089080e+00 -5.556826111353919684e-01 -5.823329553492377908e-01 -8.002551749855404406e-01 -6.595715042458202282e-01 4.131969352706676979e-01 -5.391638660171926833e-02
4.885792437459386961e-01 7.617394000445604219e-01 2.288099441403300682e-01 4.967426363352027696e-01 2.499056425707089080e+00 -2.592812424774986191e-01 -5.126274091717553105e-01 -3.168997944994305094e-01 -1.291847850692478872e+00 4.131969352706676979e-01 -1.347909665042979377e+00
4.885792437459386961e-01 7.617394000445604219e-01 2.288099441403300682e-01 4.967426363352027696e-01 2.499056425707089080e+00 -3.236441300742166627e-01 -5.823329553492377908e-01 4.768927832505107656e-01 -6.595715042458202282e-01 4.131969352706676979e-01 -1.347909665042979377e+00
4.885792437459386961e-01 7.617394000445604219e-01 2.288099441403300682e-01 4.967426363352027696e-01 2.499056425707089080e+00 -5.556826111353919684e-01 1.893659558240390339e-02 -9.657949253929819511e-01 -6.595715042458202282e-01 4.131969352706676979e-01 -5.391638660171926833e-02
4.885792437459386961e-01 7.617394000445604219e-01 -7.474458175250782155e-01 4.967426363352027696e-01 2.499056425707089080e+00 -5.556826111353919684e-01 -5.823329553492377908e-01 -9.657949253929819511e-01 -1.661758370600968870e+00 4.131969352706676979e-01 -1.347909665042979377e+00
4.885792437459386961e-01 -1.312784923481050914e+00 2.288099441403300682e-01 4.967426363352027696e-01 2.499056425707089080e+00 -5.556826111353919684e-01 -5.823329553492377908e-01 -9.657949253929819511e-01 -6.595715042458202282e-01 4.131969352706676979e-01 -1.347909665042979377e+00
4.885792437459386961e-01 -1.312784923481050914e+00 2.288099441403300682e-01 4.967426363352027696e-01 2.499056425707089080e+00 -5.556826111353919684e-01 -4.957330495539413739e-01 -9.657949253929819511e-01 -6.595715042458202282e-01 4.131969352706676979e-01 -1.347909665042979377e+00
4.885792437459386961e-01 7.617394000445604219e-01 2.288099441403300682e-01 4.967426363352027696e-01 2.499056425707089080e+00 -4.620332598675882529e-01 -5.823329553492377908e-01 -9.657949253929819511e-01 1.429596996160944933e+00 4.131969352706676979e-01 -1.347909665042979377e+00
