4.885792437459386961e-01 7.617394000445604219e-01 2.288099441403300682e-01 4.967426363352027696e-01 -4.001510288896547585e-01 8.878615103696670119e-02 3.282840027746431133e+00 2.035357092363773379e+00 2.614301598647069125e-01 4.131969352706676979e-01 1.240076891839540840e+00
4.885792437459386961e-01 7.617394000445604219e-01 2.288099441403300682e-01 4.967426363352027696e-01 -4.001510288896547585e-01 8.878615103696670119e-02 3.247911136174410629e+00 1.916497099981642860e+00 2.614301598647069125e-01 4.131969352706676979e-01 1.240076891839540840e+00
4.885792437459386961e-01 7.617394000445604219e-01 2.181321467471146747e+00 4.967426363352027696e-01 -4.001510288896547585e-01 8.878615103696670119e-02 1.482707478411515956e+00 2.035357092363773379e+00 2.614301598647069125e-01 4.131969352706676979e-01 1.240076891839540840e+00
4.885792437459386961e-01 -1.312784923481050914e+00 2.288099441403300682e-01 4.967426363352027696e-01 -4.001510288896547585e-01 8.878615103696670119e-02 1.404931982731375095e+00 2.035357092363773379e+00 2.614301598647069125e-01 4.131969352706676979e-01 1.240076891839540840e+00
4.885792437459386961e-01 7.617394000445604219e-01 2.181321467471146747e+00 4.967426363352027696e-01 -4.001510288896547585e-01 8.878615103696670119e-02 1.404931982731375095e+00 2.035357092363773379e+00 4.070780774332698471e-01 4.131969352706676979e-01 1.240076891839540840e+00
4.885792437459386961e-01 -1.312784923481050914e+00 2.288099441403300682e-01 4.967426363352027696e-01 -4.001510288896547585e-01 8.878615103696670119e-02 1.404931982731375095e+00 2.035357092363773379e+00 2.245137916572357284e-01 4.131969352706676979e-01 1.240076891839540840e+00
4.885792437459386961e-01 7.617394000445604219e-01 2.181321467471146747e+00 4.967426363352027696e-01 -4.001510288896547585e-01 2.849841188115252999e-01 1.404931982731375095e+00 2.035357092363773379e+00 2.614301598647069125e-01 4.131969352706676979e-01 1.240076891839540840e+00
4.885792437459386961e-01 7.617394000445604219e-01 2.288099441403300682e-01 4.967426363352027696e-01 -4.001510288896547585e-01 8.878615103696670119e-02 2.927859631518980876e+00 2.035357092363773379e+00 9.321098451016540665e-01 4.131969352706676979e-01 1.240076891839540840e+00
4.885792437459386961e-01 -1.312784923481050914e+00 2.288099441403300682e-01 4.967426363352027696e-01 -4.001510288896547585e-01 8.878615103696670119e-02 1.404931982731375095e+00 2.209263247109273465e+00 2.614301598647069125e-01 4.131969352706676979e-01 1.240076891839540840e+00
4.885792437459386961e-01 -1.312784923481050914e+00 2.288099441403300682e-01 4.967426363352027696e-01 -4.001510288896547585e-01 3.327573972734917396e-01 1.404931982731375095e+00 2.035357092363773379e+00 2.614301598647069125e-01 4.131969352706676979e-01 1.240076891839540840e+00
