4.885792437459386961e-01 7.617394000445604219e-01 2.181321467471146747e+00 -2.013114894621611750e+00 2.499056425707089080e+00 4.578744093174182128e-02 -5.823329553492377908e-01 -1.944144870940569814e-01 2.614301598647069125e-01 -2.420153478013910231e+00 -1.347909665042979377e+00
4.885792437459386961e-01 7.617394000445604219e-01 2.181321467471146747e+00 -2.013114894621611750e+00 2.499056425707089080e+00 -1.473756477548773258e-01 -5.823329553492377908e-01 -1.944144870940569814e-01 2.614301598647069125e-01 -2.420153478013910231e+00 -1.347909665042979377e+00
4.885792437459386961e-01 7.617394000445604219e-01 2.181321467471146747e+00 -2.013114894621611750e+00 2.499056425707089080e+00 4.578744093174182128e-02 -5.823329553492377908e-01 -5.546926999633710054e-01 2.614301598647069125e-01 -2.420153478013910231e+00 -1.347909665042979377e+00
4.885792437459386961e-01 7.617394000445604219e-01 1.205065705805738352e+00 -2.013114894621611750e+00 2.499056425707089080e+00 4.578744093174182128e-02 -5.823329553492377908e-01 -1.944144870940569814e-01 2.614301598647069125e-01 -2.420153478013910231e+00 -1.347909665042979377e+00
-2.046750885962715483e+00 7.617394000445604219e-01 2.181321467471146747e+00 -2.013114894621611750e+00 2.499056425707089080e+00 4.578744093174182128e-02 -5.823329553492377908e-01 1.193288177173395193e+00 2.614301598647069125e-01 4.131969352706676979e-01 -1.347909665042979377e+00
-2.046750885962715483e+00 7.617394000445604219e-01 2.181321467471146747e+00 -2.013114894621611750e+00 2.499056425707089080e+00 4.578744093174182128e-02 1.058343006993103907e+00 -1.944144870940569814e-01 2.614301598647069125e-01 4.131969352706676979e-01 -1.347909665042979377e+00
-2.046750885962715483e+00 -1.312784923481050914e+00 2.181321467471146747e+00 -2.013114894621611750e+00 2.499056425707089080e+00 4.578744093174182128e-02 -5.823329553492377908e-01 -1.944144870940569814e-01 2.614301598647069125e-01 4.131969352706676979e-01 -1.347909665042979377e+00
-2.046750885962715483e+00 7.617394000445604219e-01 2.181321467471146747e+00 -2.013114894621611750e+00 2.499056425707089080e+00 -3.797715030502121225e-01 -5.823329553492377908e-01 1.615957433862219572e+00 2.614301598647069125e-01 4.131969352706676979e-01 -1.347909665042979377e+00
4.885792437459386961e-01 -1.312784923481050914e+00 2.181321467471146747e+00 -2.013114894621611750e+00 2.499056425707089080e+00 4.578744093174182128e-02 -5.823329553492377908e-01 -1.944144870940569814e-01 2.614301598647069125e-01 -2.420153478013910231e+00 -1.347909665042979377e+00
4.885792437459386961e-01 7.617394000445604219e-01 2.181321467471146747e+00 -2.013114894621611750e+00 2.499056425707089080e+00 4.578744093174182128e-02 -5.823329553492377908e-01 3.970059151413365406e+00 1.106860908522325104e+00 4.131969352706676979e-01 -1.347909665042979377e+00
