4.885792437459386961e-01 7.617394000445604219e-01 2.181321467471146747e+00 -2.013114894621611750e+00 2.499056425707089080e+00 4.578744093174182128e-02 -1.926712841501385109e-01 -1.944144870940569814e-01 2.614301598647069125e-01 -2.420153478013910231e+00 -1.347909665042979377e+00
4.885792437459386961e-01 7.617394000445604219e-01 2.181321467471146747e+00 -2.013114894621611750e+00 2.499056425707089080e+00 4.578744093174182128e-02 -5.823329553492377908e-01 5.167231550830819753e-01 2.614301598647069125e-01 -2.420153478013910231e+00 -1.347909665042979377e+00
4.885792437459386961e-01 7.617394000445604219e-01 1.205065705805738352e+00 -2.013114894621611750e+00 2.499056425707089080e+00 4.578744093174182128e-02 -5.823329553492377908e-01 -1.944144870940569814e-01 2.614301598647069125e-01 -2.420153478013910231e+00 -1.347909665042979377e+00
4.885792437459386961e-01 7.617394000445604219e-01 2.181321467471146747e+00 -2.013114894621611750e+00 2.499056425707089080e+00 4.578744093174182128e-02 -5.823329553492377908e-01 -1.944144870940569814e-01 -8.955669230944134362e-01 -2.420153478013910231e+00 -1.347909665042979377e+00
4.885792437459386961e-01 7.617394000445604219e-01 1.205065705805738352e+00 -2.013114894621611750e+00 2.499056425707089080e+00 4.578744093174182128e-02 -5.823329553492377908e-01 1.066095727710075769e+00 2.037464693715523190e+00 4.131969352706676979e-01 -1.347909665042979377e+00
4.885792437459386961e-01 7.617394000445604219e-01 2.181321467471146747e+00 -2.013114894621611750e+00 2.499056425707089080e+00 4.578744093174182128e-02 -5.823329553492377908e-01 -1.944144870940569814e-01 2.614301598647069125e-01 -2.420153478013910231e+00 -5.391638660171926833e-02
-2.046750885962715483e+00 7.617394000445604219e-01 2.288099441403300682e-01 -2.013114894621611750e+00 2.499056425707089080e+00 4.578744093174182128e-02 -5.823329553492377908e-01 -1.944144870940569814e-01 2.614301598647069125e-01 4.131969352706676979e-01 -1.347909665042979377e+00
4.885792437459386961e-01 7.617394000445604219e-01 1.205065705805738352e+00 -2.013114894621611750e+00 2.499056425707089080e+00 4.578744093174182128e-02 -5.823329553492377908e-01 -1.944144870940569814e-01 1.012555303228158010e+00 -2.420153478013910231e+00 -1.347909665042979377e+00
-2.046750885962715483e+00 -1.312784923481050914e+00 2.181321467471146747e+00 -2.013114894621611750e+00 2.499056425707089080e+00 4.578744093174182128e-02 -5.823329553492377908e-01 -1.944144870940569814e-01 2.614301598647069125e-01 4.131969352706676979e-01 -1.347909665042979377e+00
-2.046750885962715483e+00 -1.312784923481050914e+00 2.181321467471146747e+00 -2.013114894621611750e+00 2.499056425707089080e+00 4.578744093174182128e-02 -5.823329553492377908e-01 -1.944144870940569814e-01 5.794457936468067061e-02 4.131969352706676979e-01 -1.347909665042979377e+00
