2.833350413284577929e+00
2.842173500683489618e+00
2.869456908342729484e+00
2.890737176958569243e+00
3.374425849433642099e+00
3.536201042396069916e+00
3.809606174949986102e+00
3.830542577666985249e+00
3.855012640139775737e+00
3.858167434827223907e+00
4.102835168332632065e+00
4.127343691725838148e+00
4.292883442133279104e+00
4.480628805460163733e+00
4.508076602989246062e+00
4.728613242657479177e+00
4.811793041305135077e+00
4.907874736810189376e+00
4.994474642605485570e+00
5.016168264959146583e+00
