4.885792437459386961e-01 7.617394000445604219e-01 -7.474458175250782155e-01 4.967426363352027696e-01 -4.001510288896547585e-01 -3.142414412985141681e-01 9.248087736910990397e-01 -1.703088483972155787e-01 -2.501574832466874287e+00 4.131969352706676979e-01 -1.347909665042979377e+00
4.885792437459386961e-01 7.617394000445604219e-01 -7.474458175250782155e-01 4.967426363352027696e-01 -4.001510288896547585e-01 -3.142414412985141681e-01 9.248087736910990397e-01 -2.258779643949582194e-01 -2.501574832466874287e+00 4.131969352706676979e-01 -1.347909665042979377e+00
4.885792437459386961e-01 7.617394000445604219e-01 -7.474458175250782155e-01 4.967426363352027696e-01 -4.001510288896547585e-01 -3.142414412985141681e-01 9.248087736910990397e-01 -1.703088483972155787e-01 -2.414523312363348495e+00 4.131969352706676979e-01 -1.347909665042979377e+00
4.885792437459386961e-01 7.617394000445604219e-01 -7.474458175250782155e-01 4.967426363352027696e-01 -4.001510288896547585e-01 -1.406436233497123656e-01 9.248087736910990397e-01 -1.703088483972155787e-01 -2.501574832466874287e+00 4.131969352706676979e-01 -1.347909665042979377e+00
4.885792437459386961e-01 7.617394000445604219e-01 -7.474458175250782155e-01 4.967426363352027696e-01 -4.001510288896547585e-01 -3.142414412985141681e-01 6.637895984782451464e-01 -1.703088483972155787e-01 -2.501574832466874287e+00 4.131969352706676979e-01 -1.347909665042979377e+00
4.885792437459386961e-01 7.617394000445604219e-01 -7.474458175250782155e-01 4.967426363352027696e-01 -4.001510288896547585e-01 -3.142414412985141681e-01 1.163726815575761186e+00 1.740051155910236069e-01 -2.501574832466874287e+00 4.131969352706676979e-01 -1.347909665042979377e+00
4.885792437459386961e-01 7.617394000445604219e-01 -7.474458175250782155e-01 4.967426363352027696e-01 -4.001510288896547585e-01 -3.236441300742166627e-01 9.248087736910990397e-01 4.768927832505107656e-01 -2.501574832466874287e+00 4.131969352706676979e-01 -1.347909665042979377e+00
4.885792437459386961e-01 7.617394000445604219e-01 -7.474458175250782155e-01 4.967426363352027696e-01 -4.001510288896547585e-01 -3.142414412985141681e-01 9.248087736910990397e-01 4.045937111489454896e-01 -2.625715912109789496e+00 4.131969352706676979e-01 -1.347909665042979377e+00
4.885792437459386961e-01 7.617394000445604219e-01 2.288099441403300682e-01 4.967426363352027696e-01 -4.001510288896547585e-01 -3.142414412985141681e-01 9.248087736910990397e-01 -1.703088483972155787e-01 -2.501574832466874287e+00 4.131969352706676979e-01 -1.347909665042979377e+00
4.885792437459386961e-01 7.617394000445604219e-01 2.288099441403300682e-01 4.967426363352027696e-01 -4.001510288896547585e-01 -3.142414412985141681e-01 1.014723695543832127e+00 -1.703088483972155787e-01 -2.501574832466874287e+00 4.131969352706676979e-01 -1.347909665042979377e+00
