4.885792437459386961e-01 7.617394000445604219e-01 2.288099441403300682e-01 4.967426363352027696e-01 -4.001510288896547585e-01 8.878615103696670119e-02 9.641943116541840109e-01 2.035357092363773379e+00 2.614301598647069125e-01 4.131969352706676979e-01 1.240076891839540840e+00
4.885792437459386961e-01 7.617394000445604219e-01 2.288099441403300682e-01 4.967426363352027696e-01 -4.001510288896547585e-01 -3.608227753469547272e-01 1.404931982731375095e+00 2.035357092363773379e+00 2.614301598647069125e-01 4.131969352706676979e-01 1.240076891839540840e+00
4.885792437459386961e-01 7.617394000445604219e-01 2.288099441403300682e-01 4.967426363352027696e-01 -4.001510288896547585e-01 8.878615103696670119e-02 8.990684923610354762e-01 2.450776487620435873e+00 2.614301598647069125e-01 4.131969352706676979e-01 1.240076891839540840e+00
4.885792437459386961e-01 7.617394000445604219e-01 2.288099441403300682e-01 4.967426363352027696e-01 -4.001510288896547585e-01 8.878615103696670119e-02 5.650728215052462922e-01 2.035357092363773379e+00 4.359257058337000501e-01 4.131969352706676979e-01 1.240076891839540840e+00
4.885792437459386961e-01 7.617394000445604219e-01 -7.474458175250782155e-01 4.967426363352027696e-01 -4.001510288896547585e-01 8.878615103696670119e-02 8.164701917318282209e-01 2.035357092363773379e+00 2.614301598647069125e-01 4.131969352706676979e-01 1.240076891839540840e+00
4.885792437459386961e-01 7.617394000445604219e-01 2.288099441403300682e-01 4.967426363352027696e-01 -4.001510288896547585e-01 -4.620332598675882529e-01 1.404931982731375095e+00 2.035357092363773379e+00 1.429596996160944933e+00 4.131969352706676979e-01 1.240076891839540840e+00
4.885792437459386961e-01 7.617394000445604219e-01 2.288099441403300682e-01 4.967426363352027696e-01 -4.001510288896547585e-01 8.878615103696670119e-02 9.649372111844805033e-01 2.035357092363773379e+00 2.614301598647069125e-01 4.131969352706676979e-01 -5.391638660171926833e-02
4.885792437459386961e-01 7.617394000445604219e-01 2.288099441403300682e-01 4.967426363352027696e-01 -4.001510288896547585e-01 -4.347052696974817998e-01 1.404931982731375095e+00 2.035357092363773379e+00 2.614301598647069125e-01 4.131969352706676979e-01 -5.391638660171926833e-02
4.885792437459386961e-01 7.617394000445604219e-01 2.288099441403300682e-01 4.967426363352027696e-01 -4.001510288896547585e-01 8.878615103696670119e-02 1.404931982731375095e+00 1.328485440469624246e+00 2.614301598647069125e-01 4.131969352706676979e-01 -5.391638660171926833e-02
4.885792437459386961e-01 7.617394000445604219e-01 2.288099441403300682e-01 4.967426363352027696e-01 -4.001510288896547585e-01 8.878615103696670119e-02 1.404931982731375095e+00 1.249702594060847494e+00 3.244451005190249759e-01 4.131969352706676979e-01 -5.391638660171926833e-02
