4.885792437459386961e-01 7.617394000445604219e-01 2.181321467471146747e+00 -2.013114894621611750e+00 2.499056425707089080e+00 -3.808733523607357174e-01 -5.823329553492377908e-01 -1.944144870940569814e-01 2.614301598647069125e-01 4.131969352706676979e-01 -1.347909665042979377e+00
4.885792437459386961e-01 7.617394000445604219e-01 2.181321467471146747e+00 -2.013114894621611750e+00 2.499056425707089080e+00 4.578744093174182128e-02 1.165080517827987716e-01 -1.944144870940569814e-01 2.614301598647069125e-01 4.131969352706676979e-01 -1.347909665042979377e+00
4.885792437459386961e-01 7.617394000445604219e-01 2.181321467471146747e+00 -2.013114894621611750e+00 2.499056425707089080e+00 4.578744093174182128e-02 -5.823329553492377908e-01 -1.104248782062618783e+00 2.614301598647069125e-01 4.131969352706676979e-01 -1.347909665042979377e+00
4.885792437459386961e-01 7.617394000445604219e-01 2.181321467471146747e+00 -2.013114894621611750e+00 2.499056425707089080e+00 4.578744093174182128e-02 -5.823329553492377908e-01 -1.944144870940569814e-01 2.614301598647069125e-01 4.131969352706676979e-01 -5.391638660171926833e-02
4.885792437459386961e-01 7.617394000445604219e-01 2.181321467471146747e+00 -2.013114894621611750e+00 2.499056425707089080e+00 4.578744093174182128e-02 -5.823329553492377908e-01 -1.944144870940569814e-01 2.655895536781516242e-01 4.131969352706676979e-01 -5.391638660171926833e-02
4.885792437459386961e-01 7.617394000445604219e-01 2.181321467471146747e+00 -2.013114894621611750e+00 2.499056425707089080e+00 4.578744093174182128e-02 -5.823329553492377908e-01 -1.433698430483421049e-01 2.614301598647069125e-01 4.131969352706676979e-01 -5.391638660171926833e-02
4.885792437459386961e-01 7.617394000445604219e-01 2.181321467471146747e+00 -2.013114894621611750e+00 2.499056425707089080e+00 4.578744093174182128e-02 -5.823329553492377908e-01 -1.513769960482097554e+00 -4.287502986401241500e-01 4.131969352706676979e-01 -1.347909665042979377e+00
4.885792437459386961e-01 7.617394000445604219e-01 2.181321467471146747e+00 -2.013114894621611750e+00 2.499056425707089080e+00 4.202605203529897748e-01 -5.439503276343442550e-01 1.683115090447150353e+00 2.614301598647069125e-01 4.131969352706676979e-01 -1.347909665042979377e+00
4.885792437459386961e-01 7.617394000445604219e-01 2.181321467471146747e+00 -2.013114894621611750e+00 2.499056425707089080e+00 4.578744093174182128e-02 -5.823329553492377908e-01 -6.026517521610228467e-01 8.894834002225726621e-01 4.131969352706676979e-01 -5.391638660171926833e-02
4.885792437459386961e-01 7.617394000445604219e-01 2.181321467471146747e+00 4.967426363352027696e-01 2.499056425707089080e+00 4.578744093174182128e-02 -5.823329553492377908e-01 -1.944144870940569814e-01 2.614301598647069125e-01 4.131969352706676979e-01 -1.347909665042979377e+00
