2.688906793193423118e-06 3.190332596660194601e-05 1.444313036247911113e-05 9.448044043330231675e-06 -3.173059331682708852e-05 -3.010157559212742965e-05 3.874916850604737014e-05 -1.864572140516517702e-05 -8.255388942956373905e-05 6.551894094726091744e-01 1.934743018857979941e-05
5.092092994326600190e-05 -2.510913315644338730e-05 2.426466121727252457e-05 1.385685033872106676e-05 9.519033515571419826e-06 -4.287562619926403096e-05 4.885486889040386788e-06 1.885439897751908577e-05 1.754365409854157380e-05 -6.552626954879232635e-01 1.907954084560620694e-05
1.453979010522228527e-05 -6.254161495504169214e-06 2.191274226085244533e-05 -2.446573908365808512e-05 1.586771113350047383e-05 8.851228432103065981e-06 -5.516377329962228048e-05 1.297869992496923193e-05 -1.697315167486042729e-05 6.550699266989765679e-01 -1.738985398298401626e-06
4.260012061004842805e-06 5.707116107496672215e-05 -7.389895795177001363e-06 7.864867037114144083e-06 2.392345051922468345e-05 -2.076204593736848442e-05 -1.111140080169087848e-06 -6.160145740873246089e-06 -4.854247184556425193e-05 6.550546541268350564e-01 2.418737963167588506e-05
3.394871079942854002e-05 5.732421975925215256e-05 4.425965621014488172e-05 3.524091555981956981e-05 1.606129266833003871e-05 -1.623076471547465493e-05 2.325731410365199778e-06 -4.555330395651073640e-07 -6.803860504173854095e-05 6.549803705776960916e-01 1.585065702442320147e-06
1.409162971696901047e-05 -4.168879053030195018e-05 1.328523964467296059e-05 -2.440846602774513898e-05 -1.281241302974894915e-05 -2.144210778663376376e-05 1.868709756774094752e-05 -8.819512499939657408e-06 -6.898230052221851775e-05 6.550184360820224816e-01 1.099068526978272822e-05
4.147208257381412481e-05 4.317404931315711102e-05 9.285415374174163674e-06 -2.233356236299966106e-05 2.788479754360545355e-05 3.099662062364514666e-05 -5.383401650999085022e-05 3.706859577211665655e-05 4.928154370245974090e-05 -6.551013222050648954e-01 1.093159628826047339e-05
9.187959900764214904e-07 -3.584616986816256798e-05 1.598364654836201132e-05 1.192287876110357450e-05 -4.240559754787988838e-06 -3.525778404021724057e-06 2.476861488589818358e-05 6.353063432891320609e-06 -1.341188125002594275e-05 -6.551686371214572313e-01 -3.748253823638331084e-07
-1.507342266242017600e-06 2.814357666662212627e-05 -4.807267015130249107e-06 -2.750940853813356677e-05 -3.476108692803909054e-06 1.569078434719708238e-05 1.499079402919549134e-06 4.503630792883779204e-06 -3.159162390758685879e-05 6.551817889673524631e-01 -7.504724283548957403e-06
3.629828619267946963e-05 4.043533880218205080e-05 -2.327408394003994718e-06 2.005484627025275565e-05 1.894647606203653717e-05 2.490448665352117591e-05 1.054919419209473454e-06 -2.242769837856008455e-08 -2.391177250884080993e-05 6.550319401391629937e-01 1.899509442986735798e-05
-2.263173383542927260e-05 2.739796131281725756e-05 -1.155955520229145319e-05 -1.946551217909520443e-05 -2.358942798797063943e-05 2.642507873464947839e-05 2.381333752400949491e-05 -1.509358870827550076e-05 -1.723575036441859029e-05 6.550649499595370129e-01 -5.190974729037586091e-07
4.780688264040250092e-05 -3.027782640979630309e-07 2.229991641225185717e-05 -1.529733208912523456e-05 -5.340664350366407842e-06 1.138530500697880906e-05 -2.306478069650577023e-06 -2.924298643609862400e-06 -8.906077432281783756e-05 6.550147605423073394e-01 -1.658314035542667977e-05
-3.471298381719551172e-05 1.737309099289379688e-05 3.288588274979882374e-05 -5.289921044872358020e-06 -5.142497760522631847e-06 -1.745964038107777619e-06 -3.994713746573137970e-05 6.869221816914417555e-06 -1.131977507138095103e-04 6.551320240347650037e-01 -7.577539757820237048e-06
1.819807378131698425e-05 1.948779761668195621e-05 2.658816049164470702e-05 4.767193969177309730e-06 -3.016786964728220696e-05 -1.704387569266720606e-05 2.228209514475981549e-05 -4.832810100617485669e-06 -3.837261940270508874e-05 6.550731283320539999e-01 1.884697136216206770e-06
-3.625957372629102344e-05 1.214180787873932206e-05 3.058661302713915764e-05 8.510967985839809166e-06 7.792481223489368736e-06 -1.484991305015860821e-05 -2.107281856883621939e-05 -1.163389661015485911e-06 -5.367008454591792096e-05 -6.551737657332721287e-01 -2.281873586718589868e-05
7.182147549917964152e-06 -9.012763454004081126e-06 2.343639268577562407e-05 2.077957803618384640e-06 -4.040664975609918587e-06 -1.818009445912441996e-05 -1.756680694412866630e-06 -3.704630897023585446e-06 -9.977431511370521379e-05 6.549355690375792127e-01 -5.488968622257465173e-06
4.378323898933240391e-05 -1.955669556156688419e-05 -1.001652986136757625e-05 -7.691000039961123590e-06 -2.948681781691667742e-05 -2.101064721302710856e-06 1.100355668894792465e-04 -3.493532006311613706e-05 2.579085690822055787e-05 6.549927914122123385e-01 -3.454364464174165820e-06
3.292583984837336921e-05 -2.216665204127805114e-05 1.729133621493561673e-05 -2.468326912589880887e-06 -2.590974388964652219e-05 -5.285488821431420439e-05 -1.009845650041983456e-05 3.057076589025452425e-05 -3.664494070954148338e-05 -6.552451289939421608e-01 -1.775180583291389265e-05
4.002104103473628653e-05 3.932089740456690667e-05 -1.737877787545156412e-05 -3.507253112192108371e-06 2.391724699412804290e-05 -1.786090751231072355e-05 -4.570327592695477819e-06 6.552171124884941478e-06 -6.225749743263719221e-05 6.551593166001401514e-01 5.170633604154149431e-06
1.862095995689207488e-05 -4.013965949208938698e-05 -3.226903548320292939e-06 1.919480061754429789e-06 -1.803515134465704455e-05 4.015442281513519399e-05 1.526823305556761196e-05 -2.199803680735957599e-06 2.512558479659184559e-05 6.550135393346149248e-01 1.621550381993994356e-05
2.987197849389190902e-05 2.230212524517400459e-05 7.584649321882270005e-07 -8.181385577707117309e-06 7.974215219408564721e-07 -5.344991748457099927e-05 1.689180592551065159e-05 1.140677230119433053e-05 -7.093331708986287784e-05 6.550061345986586403e-01 7.260000666548535605e-06
-7.629891029171167191e-05 -2.154011622221074985e-05 4.619086166564984065e-06 -2.604918166166693834e-05 -3.290186661259105751e-05 4.331671498499730927e-06 2.539231853953797136e-05 3.042596322578664252e-05 -2.307217806841199047e-05 6.549709719539243968e-01 1.687834507916658510e-06
3.040822894915754428e-06 -1.368599703791628898e-05 -2.359282653722804128e-05 -2.004900556477512587e-05 9.592784752409265608e-06 8.703428370398058652e-06 1.979645405081537348e-05 -1.718520500226721894e-05 -1.018091087370131008e-04 6.550070958978113644e-01 -2.942709532566568716e-05
5.616911056490086655e-05 -3.529755995637220896e-05 1.418284683150738726e-05 -1.391691419022797947e-05 -9.133853998968696006e-07 3.412724435358731849e-05 -2.815713113324678677e-05 8.388518904397103648e-06 -3.150298960179833833e-05 6.550441410759504368e-01 1.260847436126232031e-05
2.932254906612066911e-05 -3.687032127399301611e-05 4.404714323011757577e-06 -1.542993484672189214e-05 1.010678087532153342e-05 -4.509087116440176777e-06 2.330749942255148352e-05 -3.544167798223203685e-05 -9.321156325643110605e-05 6.550547691321009225e-01 -4.557755002103370379e-05
9.207925815889994153e-06 4.427588393848151861e-05 1.367551217356031630e-05 -1.918611242450006047e-05 -2.893329968709997091e-05 7.368878184583467141e-06 -2.168360276794333190e-05 -1.340478330578707389e-05 -9.891679134963276784e-05 6.551788583534176036e-01 -2.111412633395132781e-05
5.015842356882189285e-05 3.225935146211351273e-05 -2.889410975402394527e-05 3.488329548040824610e-05 -2.823577481412371196e-05 5.080727105874196993e-05 1.596524239030621965e-07 -4.905077591586792638e-06 -1.178928277805089356e-04 6.550835960525303037e-01 3.903298526271667519e-06
6.121899465182815481e-05 1.050165891686262112e-05 -5.198007639744850776e-05 -1.295095115568355063e-05 -5.248048452959826632e-05 3.780534357714700634e-05 2.969847217308923840e-05 1.601987836873822481e-05 -4.738986277085922123e-05 6.550265833493966738e-01 1.231943750775819396e-06
3.016423381837154299e-05 -4.800947793936674720e-05 4.249406908863929299e-05 5.811663124161716804e-05 -8.844670176828554518e-06 9.187422071536182475e-06 -1.116075726345308345e-05 2.718419408698659397e-05 -6.637731763249589900e-05 6.549559727350632299e-01 1.088678888400045784e-05
2.195457044636829711e-05 -1.903951774830432115e-05 8.513047681806138321e-06 2.417898133724400101e-05 -5.176669532954359580e-06 1.637292550257365555e-05 4.186771507196742423e-06 -1.056476586244191328e-05 -9.527479790952699042e-06 6.549993481546527718e-01 -1.067941656180224780e-05
1.963656755775020703e-05 3.065043814151007884e-05 -2.778473922195120191e-06 2.075647013154205576e-06 -3.117118427342829357e-05 -7.514415460100150813e-06 -4.225520660554213755e-05 2.494788956364457511e-05 -4.012084285492235142e-06 6.549891855561413845e-01 8.330801901000048221e-06
5.499089701636914795e-06 6.962152345472096449e-05 -6.802348898711191945e-06 6.558185975088534214e-06 6.151402555476138544e-05 -4.985620787515693947e-05 2.232852148319985390e-05 1.946297432255971987e-05 3.762245248146887179e-05 6.550225615356104480e-01 6.448654719272605215e-06
-2.957739874698500724e-05 5.824201440552040555e-05 -5.867401065471316113e-06 -1.005939484826585710e-05 2.848432686372043361e-05 8.144768816234291742e-06 8.827251749493283560e-06 -5.954778525662271071e-05 -1.010098655133374543e-04 6.548723470598951657e-01 -8.401225848634017590e-06
1.814436432976110057e-05 4.469742338485099126e-05 2.842624298809153581e-06 1.603709182144589935e-05 -3.231384618108241145e-05 -5.845945305794583531e-06 4.241292281067366865e-06 -3.866548080918562425e-06 -2.540059230425611184e-05 6.550504607818488090e-01 1.254263219303017913e-05
2.562156699613692856e-05 3.859278581096900826e-05 1.415322256961185626e-05 1.780864824600886668e-05 -4.613364204172169520e-05 5.688238074275414312e-06 -4.150439663704256067e-05 6.035300400837392250e-06 -3.388422308731112571e-05 -6.551593510634420303e-01 5.901354421358508908e-06
2.671864251389865350e-05 -2.849847864762311060e-05 8.958916324784597541e-06 -3.637360664985139861e-05 7.653819973834734687e-06 -1.686486855541708882e-05 -3.173028055536414706e-05 -1.331544022446855812e-05 -1.241380411060170647e-04 -6.550945018605045522e-01 8.821843139785222272e-06
5.223041653258134155e-05 1.792062740618271315e-05 1.493187283651810577e-05 1.447953881998331411e-05 -8.325761298626687469e-06 2.127170113505347369e-07 -2.744893884726364312e-05 2.911183728266797614e-06 -1.363105230895940748e-04 -6.551623248235046715e-01 3.050902281094420963e-05
3.365158572933133899e-06 4.349299121754751781e-05 -4.449380521114755770e-05 -3.826231924431706510e-05 6.754787101462252782e-06 -2.168856223803069625e-06 2.385876715447547117e-05 1.967446326081458521e-05 -1.530713870419081043e-05 6.550545296341703239e-01 1.136518453357080423e-05
4.012924838614617272e-05 -5.827038257348136766e-05 3.201973411313257400e-05 1.144182813036680132e-06 5.344470472769546231e-05 -3.484724386091372846e-05 3.754269632383362275e-05 -1.641441144987219263e-06 -8.539680314433039949e-05 6.550240992779559068e-01 -2.260343206368430386e-07
-2.975182412423503487e-05 2.151182473585912610e-05 3.895855728709728995e-05 1.343657453619343118e-05 3.126983427434377980e-06 -2.446532314525415370e-05 1.876696596984864460e-05 1.136779667799215631e-05 7.245479680950893060e-06 6.547783483181223163e-01 -1.780832905532737175e-05
9.674566424127612130e-06 3.756230245291765466e-05 2.025108558356761358e-05 1.103812594955124421e-05 -2.128701641782104959e-05 1.029101656859901681e-05 -1.633385828200857248e-05 8.280336462434640207e-06 -9.584935485029534379e-05 6.549959227902144576e-01 -3.248923160387109813e-05
-1.042147082462723989e-05 -9.425921532355792384e-06 2.447183226502235457e-06 6.400013242261424114e-06 1.672113287432790203e-05 -1.975950809310505994e-05 -1.331620582210202494e-05 -1.013436276912564871e-05 -5.658679067316888184e-05 6.550594385104512307e-01 -4.878210967375851195e-06
1.155722932570030867e-05 -4.042009956937312132e-05 2.480262346877475682e-05 -1.698380340047781930e-06 3.602473698461286256e-05 3.099096951639659459e-05 2.306736443298476235e-06 -1.374680446327387204e-05 -3.837178007140672339e-05 6.549646962973468822e-01 -2.512414521414112548e-05
-1.998141310679663843e-05 -1.206210342952344152e-07 3.075009178208301409e-05 5.599387590216362920e-06 -1.460201701787717411e-05 -1.550377105686243597e-05 1.671155273538149218e-05 2.519060371468349755e-05 -1.262013285706638849e-05 6.550428961543800499e-01 -2.930681644840958943e-06
-2.481516670813778511e-05 3.741045907233720141e-05 8.410719880504251324e-06 -3.556380724021499720e-06 -6.801031442258014307e-05 2.636302091834843517e-05 -2.347089011860864312e-05 -2.514692488078223598e-06 -6.617419577770128163e-05 6.550483406646431250e-01 3.322192291783934522e-07
3.100583706373477225e-05 1.037643423394177302e-05 -5.255348588077798248e-06 -2.097054756564110809e-05 6.872875688862623211e-06 -1.856374633048976796e-05 -1.489648063950602869e-05 9.384650172335702237e-06 -1.062747741365964395e-04 -6.550596854209871367e-01 1.972291218898390526e-06
2.513075634200181036e-05 4.734674222097487694e-05 5.953322924928092951e-05 1.008636869556691677e-05 -6.876284401994249497e-05 2.132690590702746529e-05 -9.237824664287681601e-06 2.596230839180102896e-06 4.542892831004752797e-06 -6.551948611961100344e-01 -1.658723823853378850e-05
1.579430853267118441e-05 1.638552247909738082e-05 1.026176790063140353e-05 1.067924372137447650e-05 -4.672438021475750056e-05 1.655895271991358718e-05 -7.105978226461397294e-06 6.001163859844738025e-06 -1.319516933652171474e-05 6.552468160049795820e-01 2.484121718850965755e-05
3.441241409510759118e-05 2.745601025872104013e-05 3.499773149036344323e-05 -2.322066674452412529e-05 3.159831314500160604e-05 1.880391552849592347e-06 -3.124458238120206836e-05 1.224043459279313525e-05 -5.366071800770259944e-06 6.550637935948726565e-01 -9.166631663812510231e-06
1.017919796415925629e-05 3.520893548659523748e-05 8.669140035588737236e-06 9.801604783193709216e-06 -1.446433337009001279e-05 -1.096889408855805481e-05 -1.504899515959586327e-05 4.237213815898355194e-06 -5.902877897965617504e-05 6.551536415076928410e-01 2.788233509937836899e-05
