7.354179118667211745e-02 1.064667938340237985e-01 3.393695182176197089e-02 5.239904983710020475e-02 -1.190414530696536945e-02 2.216510123405953520e-03 1.945250521765674867e-02 5.710974946734326263e-02 3.432274706045452400e-02 6.002267485392066559e-01 -8.370374053211898299e-03
7.935007381962567996e-02 -1.023577381880865500e-01 3.132645908437575039e-02 4.901851624248269174e-02 -6.292987845687910212e-03 -2.995187229181436525e-02 2.543852266861892225e-02 2.152398324535821639e-02 2.718192206427223062e-02 -6.013740120419426294e-01 2.452079426764421088e-02
7.144317164445802837e-02 1.149195988708474753e-01 4.413439060576526338e-03 5.526468086342496006e-02 -5.210804282727216075e-03 1.956902964052095392e-02 -6.217189412969512108e-02 3.487670390973070331e-03 2.078568161645878015e-02 6.000501702789560188e-01 -6.738955122320182227e-03
6.900726574524151946e-02 1.105369970247904871e-01 4.865363579688691299e-03 4.695237100787933576e-02 -9.469689063468178514e-03 1.706070646711550787e-02 -6.296341625197883485e-02 2.856538862705924539e-03 4.040640622917792552e-02 6.018971012356563177e-01 -5.911234144357386741e-03
7.051353429790714611e-02 1.174531030003688331e-01 3.077801771916091264e-02 6.004998864473379966e-02 -1.432612991708885966e-02 -3.576986717633388879e-02 2.056845130326084500e-02 -8.953329505980292535e-02 2.978147404649487962e-02 5.992472341838538386e-01 2.272951234781950963e-02
7.084893987063228815e-02 -1.093191453409311231e-01 2.724382366082451004e-02 4.247225338252858667e-02 -1.380943433106802953e-02 1.608133678258219165e-02 1.924476455871328498e-02 6.005862743630918654e-02 1.708543893708342268e-02 5.955937249419203106e-01 -1.104196714534660603e-02
7.485210451247911734e-02 1.072383917960111760e-01 2.556697723222476487e-02 -4.465878918343471615e-02 -1.757484722053428636e-02 1.976015798960218534e-02 -6.854551850619576558e-02 -8.368392286226911114e-02 2.506280301714541511e-02 -6.031454765800166040e-01 -7.648810295227470753e-03
7.775881678906167160e-02 -1.038489928847996235e-01 3.123527370628619015e-02 4.301868094072442555e-02 -9.048813639629935124e-03 -2.890326219116223089e-02 2.712103826287687314e-02 2.731502990858428875e-02 1.639565271650125430e-02 -5.965386105393478688e-01 1.791201394145632009e-02
6.730817937043444277e-02 1.086749201603818410e-01 2.740070466286755393e-02 5.195431265953846106e-02 -1.155482309660482536e-02 1.293943403867039987e-02 1.668049083608890565e-02 -1.247928634116727371e-03 3.029216187454653042e-02 6.023726225411556445e-01 -5.616234380646484281e-03
7.983737601863076516e-02 1.024559537248841690e-01 -1.865041065157537620e-02 5.067016079066531675e-02 -6.682501155516708431e-03 1.091984175447605065e-02 2.377391964817796022e-02 5.583150121091778190e-02 3.072946552923738056e-02 6.087291051502217165e-01 -9.553722150001215177e-03
7.455759856253368900e-02 1.101180952076981773e-01 2.769122503152673768e-03 5.482957282895432188e-02 -7.628942863718330900e-03 1.255061438655666328e-02 2.423762903119408910e-02 3.828322469278754633e-03 3.940284032831476574e-02 6.023971059604652512e-01 1.712758815600339685e-02
8.316538713746159106e-02 1.029861234282249266e-01 8.202580016061727583e-03 4.733961701458031662e-02 -1.229688296336961875e-02 1.079808202414725762e-02 1.882613780845847351e-02 4.555887722375417948e-02 1.970667591664717472e-02 5.999769205929462723e-01 -1.710117100504760304e-02
-6.889720668271542836e-02 1.069346268141530276e-01 2.862136103558153913e-02 4.399944431864932087e-02 -1.772933087323274107e-02 1.401201925435430727e-02 -6.657502797591167976e-02 9.766482306144117810e-04 3.697759777364719586e-02 5.939985747247744641e-01 -5.975030089898511476e-03
6.765365941755567547e-02 1.082174847246900190e-01 2.539112244754973199e-02 5.189801817823994079e-02 -6.297972131971133446e-03 1.139375006342456878e-02 2.782124152935540329e-02 2.793908878268250556e-03 2.768480352671788547e-02 6.026110461227459636e-01 1.646870666399963268e-02
-6.350427300144280418e-02 1.035538732877208934e-01 3.743935029704754947e-02 3.585307029309182242e-02 -1.250899809816387494e-02 1.124393801404434401e-02 -7.191769417405610709e-02 2.590512440939158473e-02 3.955763049866436315e-02 -6.062302867679253415e-01 -1.176244020465951751e-02
7.089595148201539854e-02 -1.061967944359510918e-01 2.680931209066661144e-02 -4.870435223466911684e-02 -1.414623891798725067e-02 -3.898753420656596302e-02 2.751196641188748127e-02 5.334762192507259103e-03 1.586804999421520188e-02 5.941092729951411577e-01 -1.436968022598004817e-02
-7.466850733505023263e-02 1.097653093692329690e-01 5.601850991838037280e-03 4.897732835081600178e-02 -1.296735675211255906e-02 1.380044797737430863e-02 3.334918888480675053e-02 2.844044789338165402e-02 3.088535828010995424e-02 6.057843286979901487e-01 -1.041338807691223611e-02
6.875751487692945141e-02 -1.069418409411053983e-01 2.864260479965573258e-02 5.346653713058234503e-02 -7.690894294958815387e-03 -3.252089391073526708e-02 2.405710058655693637e-02 2.317848427732663308e-02 1.536820692038920813e-02 -6.015681600678066676e-01 2.239828987878861657e-02
7.202013112410629581e-02 1.093241913734153553e-01 -1.364601912296517852e-02 5.387205343537482261e-02 -1.506724904044094877e-02 -3.242206583590441504e-02 3.050866377287118555e-02 -7.774835870072425992e-02 2.512782155252415994e-02 6.000566353540823794e-01 -9.818766538879633229e-03
7.407614850606082657e-02 -1.011646004029474882e-01 5.294990806727205290e-03 -3.912385257958606033e-02 -9.979044604476863811e-03 1.001135547981772851e-02 2.516582013661091202e-02 5.885262319722930902e-02 4.559616321963494423e-02 6.003716175923407006e-01 -7.567333620555854838e-03
6.914188471143316306e-02 1.126154252491444602e-01 -2.692436470557886888e-02 5.024654661714917508e-02 -9.643769460397055501e-03 -3.720705272206841635e-02 3.284089077632139364e-02 -8.025274126533352148e-02 2.603061853800308148e-02 5.989153109701618183e-01 -1.052799609475447290e-02
-7.404135443469372913e-02 -1.111151976432803307e-01 -6.998917371036295076e-02 5.002618632974852736e-02 -9.046868135523720295e-03 9.301729114263058984e-03 3.730194032382671415e-02 -8.557515538534961330e-02 3.936314558935742614e-02 5.934796937750442813e-01 1.979192328000223267e-02
6.782784319238784054e-02 -1.133849645995759631e-01 5.481956158161665257e-04 4.252226067290237194e-02 1.736530408082733595e-02 1.006536396876679500e-02 2.787609270695053446e-02 2.942384850440743146e-02 3.507113160002113539e-02 5.979957828806736764e-01 2.336131071694313999e-02
7.034702895415832768e-02 -1.099398319262921836e-01 3.576443389246906912e-02 4.882627439391278718e-02 -5.963240766126078236e-03 1.006892502994997593e-02 -6.505097042398051699e-02 -4.366843209120974470e-03 2.624623009157135353e-02 5.987459043176308615e-01 -6.644064003572884916e-03
7.305647300951832734e-02 -1.068378245587657399e-01 3.149889957359523068e-02 4.753162330491516457e-02 7.370952163680300276e-03 -2.769569326026486214e-02 2.941627434482445985e-02 9.760634574119792309e-03 6.314463476242575257e-02 5.914780697952244370e-01 2.020910732290544937e-02
7.903235060909354071e-02 1.091223126215778855e-01 2.517088439764446003e-02 4.096516876725433964e-02 -1.136473739263871643e-02 1.099945093738478701e-02 -6.892035184931274983e-02 -2.230609529656795570e-03 2.721920259236312867e-02 5.977300647900405384e-01 -1.045320152805914379e-02
7.242809376669040455e-02 1.108135625514766881e-01 -1.110395452572003096e-02 -4.699920870937746020e-02 -8.067572197409174362e-03 9.534253611742446108e-03 2.404603568601506106e-02 2.370835628027736369e-02 1.867814490366135130e-02 5.972338872903070195e-01 -1.159354306155584678e-02
8.003186376358409349e-02 1.014293802514061038e-01 -2.013871846654893827e-02 -4.627519747091347196e-02 -9.547929830960456832e-03 1.209749247556917741e-02 3.176850661972601547e-02 2.538134325815506742e-02 4.177654169270571261e-02 5.985642800882678971e-01 2.159920886788225733e-02
7.489476571719820563e-02 -1.044853501345148067e-01 3.369166572820810751e-02 -4.679093739891274084e-02 -1.148827984243648050e-02 -3.595789268588626963e-02 3.404309195267051641e-02 -2.075053691585758593e-03 2.692444618725096592e-02 5.924712127802919115e-01 -6.796058760778781772e-03
6.877334220132079456e-02 -1.057563895758607264e-01 3.093982196054040346e-02 -3.994059277000772817e-02 -1.008892262130466240e-02 8.263378743580263378e-03 2.889310908819302248e-02 6.285751961933996879e-02 2.639176977592902137e-02 6.018872444669723931e-01 1.613231701685487879e-02
7.077235863210494526e-02 1.129649918523443208e-01 2.892845656489162823e-02 5.082717367128013197e-02 9.752184414839286733e-03 8.159759519811444692e-03 -6.524460905813463107e-02 -2.528720213045257143e-03 1.233950979289182188e-02 5.987717691102344419e-01 2.035128529523765398e-02
6.786049205900708536e-02 1.087938799678129370e-01 -2.330797099258163224e-02 5.047279853429310903e-02 1.190602831434860870e-02 -2.956373447636774163e-02 2.600313499338143680e-02 -8.264743367470320234e-02 2.836999040022691529e-02 6.011564150627725089e-01 -9.184347091914251207e-03
-6.513977944278884213e-02 1.012261889593961683e-01 3.314624143763408859e-02 -5.361863413221898411e-02 1.019920167800181417e-02 -3.312583057229528255e-02 2.944014142479505630e-02 -1.643669667019241002e-03 2.593370772345346756e-02 6.024968033267945611e-01 1.343434222477488116e-02
7.838707168280689697e-02 1.097888649205047557e-01 -1.655813425326724611e-02 4.704158717263113437e-02 -2.759150228558659556e-03 5.826906628806307123e-03 1.756252411861055143e-02 2.223846044042324804e-02 3.949343331126930340e-02 6.021126242653224159e-01 -1.056327555564340326e-02
6.882707934400020267e-02 1.026865892315746709e-01 2.938234670310978236e-02 -4.419147437941044199e-02 -8.175931827734359350e-03 9.044195493676349465e-03 -6.797670652789325474e-02 5.337653835817707942e-02 2.903051932674449373e-02 -6.023525885044848094e-01 -6.585991500362740197e-03
6.911770431662583869e-02 -1.138198586311395255e-01 2.866303109546388533e-02 5.013267602207677892e-02 -1.383882486419665651e-02 -3.460258241377234256e-02 -6.120211868722396503e-02 -8.705623843805845863e-02 7.942428046768873137e-03 -5.903467534105621972e-01 2.533231516781690035e-02
7.429450815695649857e-02 1.016716377928123527e-01 3.273994338268106097e-02 -4.994771387909217181e-02 -1.375300054594696085e-02 8.069185809091598827e-03 -6.395503553450147816e-02 5.878787016156367812e-02 2.554641703813669354e-02 -6.025494207039663319e-01 -7.280095785054823548e-03
7.101442548780541320e-02 1.121236170528214227e-01 -2.211490488312259015e-02 4.793102349424063768e-02 -9.217516598129287669e-03 -4.348847288963583052e-02 1.939207935276873740e-02 -8.550733952567486640e-02 5.791089082691729464e-03 6.027423041269041049e-01 -9.120355420167860702e-03
6.889733502074441018e-02 -1.128435489601835734e-01 2.370158534279667717e-02 5.420281991233252133e-02 1.160065555067380481e-02 -3.252501154222693647e-02 2.694705743781286578e-02 2.916070172146295689e-03 2.386690514626595150e-02 5.958549316312388155e-01 1.872968519723235831e-02
-7.522005118175528748e-02 1.073430832642546379e-01 2.724366807445384106e-02 -5.841233851060557286e-02 1.120860689064306394e-02 -3.126283514926516544e-02 2.809455916649202661e-02 2.184653353195397350e-03 2.687370673601825743e-02 6.012210673543403328e-01 1.412165604479852926e-02
7.904795465731809245e-02 1.037923659932303844e-01 -2.202461629630248635e-02 -5.327612032199839642e-02 -9.193466072084292492e-03 -4.693713254023599538e-04 3.000922974523398748e-02 2.589886896201283248e-02 1.780099706779078930e-02 6.030042317041927058e-01 1.832418181218656295e-02
8.041113206206278174e-02 1.092082117141068842e-01 3.899896198684450754e-03 4.118540442733236578e-02 9.088506611847454314e-03 -3.932928492676443510e-02 1.845898488265568585e-02 5.037240360603346956e-02 2.871101336771410620e-02 6.005701855410565670e-01 -9.917142085907503651e-03
7.394074184038341990e-02 -1.133197992000942178e-01 2.028572597559077928e-03 4.385865582690880865e-02 1.617523695955968080e-02 1.244233124960750269e-03 2.965514907849654824e-02 2.893495906131467177e-02 3.995571378021093439e-02 5.959744313362689283e-01 1.999106486098499100e-02
6.916934167362204233e-02 1.058144780569604676e-01 2.708592847485374183e-02 5.201304393513792729e-02 7.677156590513993691e-03 1.360135770822505120e-02 -6.779925349677372315e-02 -6.816724106208132050e-04 8.865243342771864793e-03 6.019774762746518126e-01 2.553287936323695925e-02
-7.864727719287692431e-02 1.118867993435663094e-01 3.183754512808713300e-02 4.407947078373150585e-02 -1.291084145483489300e-02 1.322540069343477141e-02 -6.924215386171751752e-02 2.719450107123008806e-03 2.189802757172766914e-02 5.983821540539565609e-01 -5.460446755703878691e-03
6.748225424811495066e-02 1.112117443325755656e-01 8.469587595908262614e-03 4.755144312818129770e-02 9.415463969248178897e-03 -3.707450160856919086e-02 -6.126125011588569313e-02 -8.171864323965032095e-02 2.491929259048357437e-02 -5.995998813292409135e-01 2.001191653857382902e-02
6.660888189010293059e-02 1.077258768018242857e-01 2.416193737923067256e-02 5.500112094325840251e-02 -8.508868189495795084e-03 6.826680976261891541e-03 -5.672478699478491343e-02 2.329046630702813578e-04 2.010518349850141592e-02 -5.995349563543215243e-01 2.770415059899272725e-02
7.949934124072850772e-02 1.084516238017830259e-01 2.686066889575849936e-02 5.077959905808472618e-02 -1.319353803478257384e-02 1.480681254916795322e-02 -6.458170811325886218e-02 2.259510271962805640e-06 3.418146367490323967e-02 6.042746689721376629e-01 -1.005781468455400028e-02
7.381056786309164730e-02 1.124650551415072447e-01 3.029699757027406667e-02 5.059954262836954819e-02 6.739988676154243415e-03 8.501808654993676939e-03 -5.942865330758525383e-02 2.093072923424151889e-03 2.345839224786384208e-02 5.997629214446591472e-01 2.414152585707920670e-02
7.086466646299825756e-02 1.037890191496667891e-01 3.053446722670217009e-02 4.987880794139805396e-02 -7.712309359712493824e-03 9.528696956665944073e-03 2.492383998306298143e-02 2.964287373987941829e-02 -2.959146503550083747e-03 6.006490906866133184e-01 -1.202110941309615308e-02
