9.433165130695541495e-03 5.207828319338379114e-02 4.112628384809544589e-03 8.789434340728815437e-03 -1.617941060866672984e-02 1.636383723586974370e-01 5.816184148987529889e-02 -5.847031750549689516e-02 3.356851629960123096e-01 5.385586941593982768e-01 -1.458720850223274752e-02
2.142131407284349719e-03 -6.177081848641036155e-02 -5.590090389624763692e-03 -4.448312335945060238e-03 -2.156518865001506163e-02 -1.024804393297019389e-01 1.699302916536300778e-02 3.684518916548608618e-03 3.559246241596132898e-01 -5.123260161637970267e-01 -9.258061419306032325e-02
-2.138825968210316536e-02 4.097922062033603624e-02 1.680266984481916049e-03 -8.548203168127422452e-03 -2.503212253893296116e-02 5.296205525224737670e-02 -9.674100392991760722e-02 1.004595076227684375e-01 3.802874235570923855e-01 5.304672894264879091e-01 7.292754497503634026e-02
1.238440337444246704e-02 6.134764181602882921e-02 4.836757094462639656e-03 4.342729393317193085e-03 -1.691261896138689796e-02 5.441314758222681736e-02 -1.146879112168610604e-01 8.064711820162001610e-02 3.709157525489480411e-01 5.284293653184074513e-01 9.281569572070266783e-02
4.316065921877456323e-03 5.667190910700985879e-02 1.651898284620814672e-02 3.982481388108759061e-03 -8.160244859727504990e-03 -8.904592562523720722e-02 5.597292721387245318e-02 -5.907091109503750243e-02 3.501620866963612855e-01 5.390726728550047087e-01 -8.969252994779851329e-02
-1.528046757210685912e-02 -5.881338881464984875e-02 -8.853347830981409677e-03 8.493905152509370962e-03 -1.680159095028527227e-02 1.603473038412023821e-01 4.604224872074975244e-02 -5.915019894405128265e-02 3.837092859638284170e-01 5.494635704178059132e-01 7.183128869098408253e-02
7.177146448489664377e-03 4.885498274156657023e-02 1.129286305912240856e-02 -1.511707272704721459e-02 -3.104693449849456680e-02 1.315471145632171324e-01 -1.097991450168740168e-01 -7.193809543283022356e-02 2.950756105958767250e-01 -5.279601002041205415e-01 -2.439500044103802556e-02
-1.523265063377280196e-02 -3.965726672909040962e-02 2.034779199261397761e-02 -5.248738550495503537e-03 -9.712443693964574465e-03 -1.057787007319085648e-01 1.968227608841107215e-02 2.146442192584079381e-02 3.304595222709264535e-01 -5.358646459357473413e-01 -9.504480538225804076e-02
7.259023959441892118e-03 5.545054901154245625e-02 1.104558745110509679e-02 -2.380795998173319611e-04 -3.200521675758934842e-02 4.018528204962239919e-02 5.556233739122957288e-02 1.013139580987117150e-01 3.423775275360345094e-01 5.151597696704629525e-01 1.030819998350821498e-01
2.288346649163984156e-02 3.751441597495924762e-02 -1.269783875513169451e-02 -3.583500178717354163e-03 -2.742979828396510666e-02 1.358560005463076981e-01 5.875130870341631339e-02 -7.903661553030918996e-02 3.295549331860143649e-01 5.403322848146514534e-01 -1.965679396347221747e-02
-1.444832935070728894e-02 3.944340800212960130e-02 -1.059817882370659575e-02 1.294267328975744202e-02 -3.532048050352402935e-02 -1.202381228076352254e-01 6.792343697309213835e-02 7.921255533120465098e-02 3.419654444312015817e-01 5.371347627598119789e-01 -8.347093253289117332e-02
2.837278102154750306e-03 3.713319440679746508e-02 1.215094584100917009e-02 2.296565856071356923e-02 -3.552731882566487892e-02 1.585319389928188383e-01 4.716006147778645935e-02 -7.846869558586647142e-02 3.843986702132707323e-01 5.371622559820913301e-01 -1.646768706832897611e-02
1.555476208153747791e-02 6.175845453835862586e-02 1.017409815601308734e-02 -5.410046387693184800e-03 -1.500989248541303479e-02 1.623443975842774889e-01 -8.832271807033398314e-02 9.511783645642661600e-02 3.441171524522372849e-01 5.198658305944053870e-01 8.038735198119703607e-02
5.368845352020219092e-03 5.181986370813158188e-02 -7.584658370448300706e-03 1.550985519877579044e-02 -4.019510805731439651e-02 -1.091572928925499397e-01 3.087387404560069937e-02 8.835334176005291140e-02 4.092278794068736625e-01 5.364071078241859913e-01 -9.176606356840290302e-02
-1.427847451503468264e-02 4.296166413218628632e-02 -1.217532875137417297e-03 1.530476868818096345e-02 -1.594556919784989590e-02 1.231560140572845186e-01 -7.009144688637193588e-02 3.406331066741318664e-02 3.646299560880870150e-01 -5.271779077495758470e-01 -1.237691130553902896e-02
5.575463323189883830e-03 -6.583212007524552600e-02 8.409408513492977466e-03 -6.180000690118278876e-04 -1.517658615432101836e-02 -1.135120359659832767e-01 5.307224818297454766e-02 7.247974218801891966e-02 3.875336670135793860e-01 5.276027023860038190e-01 9.265668995479463266e-02
1.315699648039558509e-02 8.088661659704292350e-02 2.531997300259648223e-04 1.124949268226791387e-02 -9.660287858719101076e-03 5.197293247066404193e-02 2.888144561279322453e-02 4.892884850381712392e-02 3.526646885341589432e-01 5.270546808729672517e-01 8.312750137246800730e-02
-4.743536152169916011e-03 -6.363298489495730625e-02 -1.698912074145051201e-02 -1.641145711579551983e-02 -4.150134838597224762e-02 -1.042417055308284268e-01 1.189644605796687585e-02 2.786017654670993812e-02 4.354070990944688413e-01 -5.371488262588064444e-01 -9.632637790370390807e-02
1.042802513921610441e-02 5.211344949719336206e-02 2.608580493539496697e-02 -1.180738700061844185e-02 -1.429899059914049690e-02 -1.163458520906244242e-01 3.339856650549676009e-02 -6.365029992423772154e-02 3.471798677711421255e-01 5.372464948898409975e-01 -6.246537159711223336e-03
-2.279577548143555885e-02 -4.846733460387139120e-02 1.084660852429847507e-02 -7.641645287157811280e-03 -3.704377359908798267e-02 1.683883859486660917e-01 6.201360069237445843e-02 -7.047045144013515394e-02 3.491172981904286932e-01 5.283903872950754810e-01 8.648255030702972634e-02
1.452030601540957658e-02 5.435633247795601530e-02 -1.605665180868312775e-03 3.933782593746283293e-03 -2.867628413630357240e-02 -1.069623916519455570e-01 1.656500228053829973e-02 -6.857794072319758905e-02 3.475587839117552647e-01 5.581654120578812828e-01 2.275839923539067257e-03
-2.450601215539993574e-04 -4.744110395418150994e-02 -3.085793355510316194e-02 -3.421276684770434805e-03 -3.147552687755301309e-02 7.419551365528823106e-02 1.680289477228761458e-02 -6.440798399728729640e-02 4.898069071579994049e-01 5.336747737125386859e-01 -9.136607869900581491e-02
1.510745268401171050e-02 -4.788403367273465910e-02 -2.146562930823131890e-02 1.848987426762747173e-03 1.908003670165032972e-03 -9.364039281744962473e-02 3.184373874441195212e-02 4.604493058903861430e-02 3.873866991593000741e-01 5.320595223277564401e-01 -8.961137242376664147e-02
1.562257457302028765e-02 -4.047934541559048555e-02 1.056077094828914570e-02 -3.975723975089176521e-03 -1.798419545799609040e-02 1.410187276902921671e-01 -1.231322082141074609e-01 8.536591590455480660e-02 3.590608465314374387e-01 5.185225933457549008e-01 8.921055472853345325e-02
-1.914112918548470724e-02 -2.964138223771706215e-02 1.044484991495171246e-02 1.021641827087033279e-02 -2.206331687588142850e-03 -1.140473592664364433e-01 1.887046961571922643e-02 8.244887282784275906e-02 3.418574626759915414e-01 5.159645335933056298e-01 -8.671338063971611998e-02
-1.706708816910273508e-03 4.278657448862263624e-02 -6.472353231404537159e-03 2.268652441842070044e-02 -2.761923280590210597e-02 1.268765524734889460e-01 -9.268516470335375068e-02 1.069334810999940238e-01 3.628788620690275857e-01 5.320843956474247127e-01 1.034064622277533346e-01
1.715954798476872298e-03 5.159389020419372779e-02 1.181638964394977551e-02 -1.567315392814450439e-02 -2.228565757335695258e-02 1.596629589124409776e-01 6.871757961891195032e-02 3.604617611586631576e-02 3.781516840644957300e-01 5.509127278324206234e-01 9.602349336585695727e-02
5.494245614321477400e-03 4.997810696244952416e-02 -2.885366627228927797e-02 3.631214936097482311e-03 1.123309733448308884e-03 -1.020254944723933271e-01 1.358203324929463038e-02 3.075535799990847946e-02 3.458778908321993306e-01 5.271898191381195753e-01 -9.288770258510573030e-02
-1.153731311038424558e-02 -7.366660888625763126e-02 3.917204187791566670e-03 -1.509811080437842463e-02 -2.200729184670801100e-02 -9.454936472012723248e-02 2.788197799092328663e-02 1.019945600752181353e-01 3.514179474323202435e-01 5.297099137703681349e-01 7.959122839551334427e-02
2.618813738891741932e-02 -4.341038442002424780e-02 7.400634986509449335e-03 5.692149256119819443e-03 -5.875981410532681720e-02 1.640309754293333977e-01 3.933937330074689653e-02 -5.919492527990387332e-02 3.873240747334749101e-01 5.373984419131071499e-01 -9.721167608822586792e-02
1.032066465489289882e-02 3.881541119689262825e-02 1.634594389175990110e-03 2.611528449524727884e-03 2.424621071347863796e-02 1.550837427465630303e-01 -1.171652657817554705e-01 8.912382665647562707e-02 3.683906928892379251e-01 5.238431629444828541e-01 -8.488550530959368401e-02
-7.172939680095563337e-04 4.127680729181891495e-02 -1.534669632338806454e-02 -1.026290083912401868e-02 3.280640147366700038e-02 -1.082543833163748248e-01 1.859112509358277349e-02 -5.801976018925481676e-02 4.477252164341385399e-01 5.390190398232366231e-01 8.033876689291150064e-02
-1.860888123542750114e-02 5.108390107582580497e-02 -1.247490607687834312e-02 5.216426218745980233e-03 1.504472685193687653e-02 -1.135358104091482162e-01 1.423376525347022289e-02 7.479340000131719235e-02 3.615935102244164367e-01 5.287369968774103812e-01 -9.448713366381829293e-02
1.873073531591279081e-03 6.721076504572386090e-02 1.285930544621886190e-02 -1.101574527416955898e-02 -2.924090211095587907e-02 5.055035690125524173e-02 6.183816077429411112e-02 4.197552660486104231e-02 4.174430276948423169e-01 5.548608179937037921e-01 -2.287539457033030757e-02
2.458593230682447773e-03 4.286210539481295073e-02 -1.121998992609657235e-02 8.763882158382727688e-03 -3.325323973774788056e-02 1.543339691097430633e-01 -8.800745936530035562e-02 -6.839800938734749702e-02 2.743003478843407117e-01 -5.400778251719777767e-01 -1.912807809955887825e-02
2.220792097951191941e-03 -4.290868775156807258e-02 1.161449483528607420e-02 4.959393765349772581e-03 -1.206248732804250266e-03 -1.044467491802263531e-01 -9.743706573837383755e-02 -6.542997895322552604e-02 3.928589267275893193e-01 -5.093677327592026627e-01 -6.653427208724291275e-02
2.629385867786706785e-02 4.060303722998621218e-02 4.559677462663645937e-03 -3.343353854225004505e-04 -2.300743211075535755e-02 1.634412739802191539e-01 -1.060480411357974245e-01 -5.706802346908434326e-02 3.743420527471585935e-01 -5.346070014003777571e-01 -1.914745718177295400e-02
-1.560843664469262204e-02 5.164367648291827428e-02 8.887809387592170152e-03 9.807997803888567415e-03 -3.139594245263841593e-02 -9.894954746809790647e-02 6.552989538541080516e-02 -6.919326113896129282e-02 3.769218627438189473e-01 5.363251901794069409e-01 8.747675500905002788e-02
6.104787611244606553e-03 -5.008554555765985100e-02 1.683670706696821029e-03 -1.517751767428047321e-02 5.810846428492623915e-03 -1.086789057554067711e-01 3.036377062126619300e-02 7.839905550775840004e-02 3.490018227156853614e-01 5.221732377684064064e-01 -9.659942681200077430e-02
-1.189022970164702389e-02 6.065161852377962126e-02 -7.061607600418595178e-03 -1.800900501589477315e-02 1.506191036638551174e-02 -1.175337105052305375e-01 3.291961780376491398e-02 8.575527423197491783e-02 3.731299155760355313e-01 5.509351377537099470e-01 -8.577352395116083494e-02
1.158517466302734847e-02 5.642680078158163887e-02 -5.523450650401526968e-03 1.045171844572914850e-02 -3.086447640346272336e-02 -9.933777484285241655e-02 2.184482925315634969e-02 3.891193015368014235e-02 4.438642867537026526e-01 5.442670653489135590e-01 -9.559755049749493749e-02
-2.633521717743197293e-02 5.248889700170263073e-02 5.148549612861114816e-03 1.218965795797884687e-02 1.074093206819417938e-02 -8.445448438532049407e-02 5.151809041978862996e-02 -5.976991348685049138e-02 3.075250384760220279e-01 5.396533204473555889e-01 9.909717707184539925e-02
1.246266309817397862e-03 -6.546771632572109811e-02 -1.501481698486424772e-02 3.438195873275829567e-02 1.250687351537501171e-02 -1.221697767625779946e-01 2.258984763424051745e-02 3.797000473903720807e-02 3.682838492541192776e-01 5.328301123215897217e-01 -8.332737738487884516e-02
8.177568200926485162e-03 4.733276496977424641e-02 -5.526589607316232181e-03 -3.430474336559432864e-03 3.641642405756249229e-02 1.456244737013409063e-01 -9.778770763664611232e-02 7.717716372830135674e-02 3.017399372457196249e-01 5.382162061000498321e-01 -8.397053702775422734e-02
1.716328822573848917e-02 6.985221853938568259e-02 1.867936376930096412e-02 -1.794389308205512901e-02 -1.399223815697266636e-02 1.453781073591799144e-01 -1.067112019417603974e-01 8.799300596583913003e-02 3.649797416346935441e-01 5.300273658493582785e-01 9.975946431835117090e-02
1.810637767610157739e-02 2.721750721529609882e-02 9.083969790914083256e-03 -8.563010585821203419e-03 1.094586680175548866e-02 -1.232507976946306538e-01 -8.327342313137199581e-02 -6.001433420959356030e-02 3.761734811267385958e-01 -5.251600767781013923e-01 -8.725318787499232454e-02
-1.062029140927836339e-02 3.341088438005593991e-02 -1.333241411041753569e-03 -1.101410093880555996e-02 -1.557699213812842147e-02 4.898869134045942542e-02 -9.085717823032149476e-02 8.239064958898728586e-02 2.335579178097213493e-01 -5.043005733311102246e-01 -9.774425429159087908e-02
1.860794786922977985e-03 6.007602206221431679e-02 4.040632446878662278e-03 7.831336853178645294e-03 -1.589370191370648167e-02 1.460084167431812963e-01 -9.913330868590283784e-02 9.490446401639239526e-02 2.854325623541578150e-01 5.388185134187670755e-01 8.062513350736204287e-02
9.884969773324083983e-03 5.116512015180545159e-02 9.303373862286668265e-04 -1.135016871978112261e-02 1.901879446737389165e-02 1.358192774219785237e-01 -1.055678371069568994e-01 9.985082037852038850e-02 3.962339167188380640e-01 5.138930449171058568e-01 -6.855107793567233321e-02
-1.060297457644363527e-02 6.400001599752482007e-02 7.459610191060343093e-03 1.280206471580226657e-02 -2.112367301957815413e-02 1.475456329907229858e-01 5.589568611029121364e-02 4.749808431904706946e-02 3.832340798307612428e-01 5.294883178586611283e-01 9.547521593821774177e-02
