4.798053649807827725e-02 5.079537019781779628e-02 -9.162175134669324136e-03 -5.230320648001230040e-03 5.561261480043895762e-03 1.555401378190266609e-02 -3.611551294853401414e-03 2.453079394701782392e-02 2.206587210871975568e-02 6.458357965030420145e-01 -2.769847094112881658e-02
4.953289524762269358e-02 -5.038755345509571965e-02 -9.081000585158647762e-03 -2.211646989857872590e-04 -8.066766266263166851e-04 -1.666187167142680822e-02 -4.317214987003689490e-03 3.119835636066673260e-02 3.086434583917284022e-02 -6.221589169150782972e-01 -1.448367468973771853e-02
5.344748813099795687e-02 5.153549919724842443e-02 -6.310635152588890510e-03 -1.201086499405597773e-02 1.551745495147900536e-03 5.453579223014214800e-03 6.477560411077845637e-03 1.050301222333000634e-02 3.387071197379185744e-02 6.541636260241335821e-01 5.412811403928273479e-02
5.423385727341818036e-02 5.477467608722865616e-02 -9.528094774322731775e-03 -1.719649799981648811e-02 2.326494275496901465e-03 1.736515812630406649e-02 1.744119201531679070e-02 1.679637910925008831e-02 6.756744055989949080e-03 6.442723435584374325e-01 4.733019002156180211e-02
6.176672216216352873e-02 4.896745473313749569e-02 2.395168685284167773e-04 -1.470338264958675686e-02 -6.808527622348050680e-03 -2.857512907977923303e-02 -8.709565254956723110e-03 -7.438587011012209871e-02 1.668055962057258049e-02 6.416254176791433839e-01 -2.197541353573081307e-02
5.544325531351163017e-02 -5.419297612868066022e-02 -1.042564103383025222e-02 -9.439095255080291735e-03 6.351227129703159759e-03 7.156267849030852578e-03 -8.673675297907123063e-03 3.066673388067833045e-02 6.071698259160743238e-02 6.308470362694729161e-01 5.377366531643885950e-02
5.632196406800187710e-02 4.736614622045938472e-02 -1.937526820019076909e-03 1.587241943432450911e-02 8.706024878771748002e-04 5.217282549110645144e-03 8.545026190119904899e-03 -6.146178349664357943e-02 3.499081265986351413e-02 -6.436054298997652134e-01 -3.143098999505738317e-02
6.081627086617518579e-02 -4.356073317161619773e-02 -6.015842639997770469e-03 -1.335910982675158828e-02 -1.568135051151602500e-03 -2.741550034103754432e-02 -3.042693287234966674e-03 2.805641343428107864e-02 1.318621169280582289e-02 -6.426881197651087563e-01 -1.534334223135202027e-02
5.632063358285577248e-02 5.564880615123100893e-02 -9.808400293562899788e-03 -7.646989779789094277e-03 1.170143263516289309e-03 4.425828071341608543e-03 7.034906076325348444e-03 1.518739511457196587e-02 3.220609025738135900e-02 6.538332080509863253e-01 5.461157136569523562e-02
5.890908553008594034e-02 5.682207851860709286e-02 6.353265137857420225e-03 -1.274926176602218277e-02 3.778269937578268393e-03 8.740898873663650523e-03 -4.087471573347752594e-03 3.284635113797402389e-02 2.534792890629423978e-02 6.464809494853459571e-01 -3.150840337147842174e-02
5.423424366833389659e-02 4.731566302601591251e-02 -5.044241295602364290e-03 -4.956018501299957676e-03 3.676942458503877111e-03 1.898327397777103357e-03 -4.399770455728950133e-03 1.079766907228141976e-02 1.712248908599964953e-02 6.412762133208215198e-01 -2.304590647427687267e-02
5.274659316475816678e-02 5.400122952024315193e-02 -1.389618316334070326e-02 -8.665457184198610899e-03 -1.500151149798706828e-04 1.044754710227921261e-02 -4.288573740959402726e-03 3.152738718351136976e-02 2.550527261370638329e-02 6.529368627218559151e-01 -3.200026255357235616e-02
-5.460863167861881862e-02 5.396681267913389785e-02 -7.677912188541782292e-03 -7.170100686053934580e-03 1.022314712193946718e-04 1.264659690564627799e-02 -1.195855557446599132e-02 1.441905508143738121e-02 4.369247337508212758e-02 6.456663810603949782e-01 4.718494432240055020e-02
6.256254075913306179e-02 5.725826772814421317e-02 -1.147721592342144069e-02 -6.487587731033992410e-03 -5.204273353892800193e-03 5.723688632721958373e-03 1.828791461196402866e-03 1.047370932316779579e-02 1.145831460900594533e-02 6.502959180233375269e-01 -1.562800662542812927e-02
-5.092513350590893023e-02 4.676570208570032805e-02 -1.083675454114855358e-02 -1.970686411569198132e-02 6.343462894296901088e-04 1.326017282717659521e-02 9.936669045788311047e-03 1.906426401848121052e-02 3.986076448367244923e-02 -6.496754689094472734e-01 -3.851992695711887321e-02
6.815024122356620750e-02 -5.289909750445472014e-02 -5.932960070037158508e-03 1.298625742157751006e-02 2.132550237698829353e-03 -3.130284368414776308e-02 4.282288843856664321e-04 7.142728029867695221e-03 3.295218705988155194e-02 6.476187268128460461e-01 4.553820394916244241e-02
-6.671788623309558852e-02 6.472810740367876403e-02 -7.984918616438312425e-03 -1.585519827264062279e-02 -3.337024044777862908e-03 1.521525281935562877e-02 -6.236461706390257487e-04 1.940023877311582157e-02 4.518645583722891157e-02 6.492726167188679343e-01 4.623348317496437515e-02
6.113778325443432193e-02 -4.692540951434324287e-02 -5.020326635295360891e-03 -7.621025066047375923e-03 1.377737669392634502e-04 -3.211137312435162483e-02 -2.597042564887438402e-03 1.850483228675510114e-02 2.395718034012093642e-02 -6.303408381002545413e-01 -3.238702665940863812e-02
5.513909364483184777e-02 4.753287318455936411e-02 2.102015977759908935e-02 -1.142007915385928737e-03 7.825432149486145905e-04 -2.108593248968929773e-02 1.288409648001562257e-03 -6.784510991096941168e-02 2.115346998415868277e-02 6.376207470316254122e-01 -2.602987724233243871e-02
6.164098753567261862e-02 -5.146190908278192033e-02 -5.705751766170605484e-03 1.797393626432670921e-02 2.038364362182190897e-03 1.267000561519284092e-02 9.591655373595547873e-03 3.362295937150668046e-02 3.198800365170775123e-02 6.339768390992660541e-01 4.805468917174539334e-02
6.643631487448392603e-02 5.598960154445786763e-02 1.344056046969755933e-02 -8.008737762424011225e-03 2.768087018998933307e-03 -1.912463053897265827e-02 -6.348888866627325905e-03 -7.064287630193279155e-02 3.039807649758813346e-02 6.376169130978249777e-01 -3.106778111709044415e-02
-6.098626212533923147e-02 -4.665617184034142467e-02 2.350947976288879360e-02 -1.347502853163079451e-03 -1.011892515238831808e-02 1.084390996705142211e-02 -1.245438627694362820e-03 -7.290714093046443689e-02 5.566902045988528225e-02 6.348199753352241625e-01 -2.422265436252770895e-02
7.476778760676247582e-02 -5.467948643005440118e-02 -1.582532095709949030e-02 -3.340882791548380106e-03 -9.369029463670484892e-03 5.014025291018735231e-03 3.685674050604894735e-03 2.153773111009037525e-02 4.784181895233165227e-02 6.362284824096436919e-01 -1.891271294409633749e-02
5.626062240606167358e-02 -6.014742860373813171e-02 -1.152755443412390411e-02 -3.987735791511858724e-03 -9.242000881949057403e-03 9.169163686539524155e-03 7.029927813500235108e-03 1.628817103696061919e-02 2.619098252570069979e-02 6.487165538692688527e-01 4.250428529064525368e-02
6.278335198007295448e-02 -4.737296499985393233e-02 -8.166423568112885639e-03 -7.156896398484889447e-03 1.645329989430306412e-03 -2.268331953358240782e-02 8.253583533973069637e-04 1.242401714793067366e-02 1.964802655335729648e-02 6.394885384499827685e-01 -1.841117942072878488e-02
5.248513606616488775e-02 4.703459108223823071e-02 -1.040895026978823357e-02 -5.278084071069511982e-03 3.014487613022874806e-03 7.899102029440325037e-03 7.100794451160108087e-03 1.829771444947050213e-02 6.202964544267647318e-02 6.574774567598733466e-01 4.994202900617798757e-02
6.928977762958039854e-02 4.979725699182498133e-02 1.399117537975171077e-02 1.416697277727438538e-02 4.542738887955121048e-03 1.521210063771032302e-02 -5.274639417002825736e-04 2.685097525609131744e-02 3.103431284189151970e-02 6.438682110730707953e-01 5.390318586412757434e-02
5.848935964295691459e-02 4.661474611832339132e-02 2.269114982980820899e-02 5.400422792409959906e-03 -1.276079758049895874e-02 9.798167134719648619e-03 5.079373073766991521e-03 1.566710465872830221e-02 1.850697372367859223e-02 6.465056440828590434e-01 -2.908925715656636435e-02
5.162927026014493825e-02 -5.300399889121350933e-02 -2.021631997896076397e-03 1.629060507062077626e-02 9.266353394928761311e-03 -3.405618880482207816e-02 -1.757047334298516249e-03 4.973981779937878753e-03 5.508055880579261487e-02 6.467534813092128410e-01 4.862536914649636527e-02
5.904180743011763072e-02 -5.242099470088962265e-02 -6.727840684593621064e-03 4.020873810069968031e-03 5.939585769271080694e-03 1.224817143992065586e-02 -5.323586700202135799e-03 2.925642396899404835e-02 3.313597960764692874e-02 6.468872921240982343e-01 -2.145020988373164822e-02
5.724796532124215576e-02 5.032557274590492707e-02 -2.929866273578964325e-03 -5.913488670415779913e-03 1.056228879787462181e-02 8.309274895561442886e-03 -1.403712595803545708e-03 2.011843878196140772e-02 2.842918343976064133e-02 6.405859919571992300e-01 -9.974702814607432078e-03
5.943787149253073471e-02 5.437670681881878049e-02 7.815904678801062488e-03 -6.300129978499723754e-03 5.381085564511023725e-03 -2.809047284764247879e-02 2.332605976778310815e-04 -6.668440911891705680e-02 2.967352804597904806e-02 6.456470723746465801e-01 4.900618334098363893e-02
-6.449627212915738650e-02 6.447599508672888224e-02 -9.386980759271284364e-03 -5.446305149091716646e-03 -6.064909643828868095e-04 -2.335084564965186210e-02 2.580893582414279467e-03 2.891770763960471811e-03 2.571536357251749325e-02 6.338505841796713280e-01 -2.379224416181684870e-02
7.216430723183694940e-02 5.411647595265695054e-02 1.518745888126011917e-03 -1.376815434570299174e-02 1.027791278162514411e-03 7.829497371524609187e-03 1.771844804029016934e-04 2.279356994556870283e-02 2.540893523357509471e-03 6.589195051336977915e-01 -2.856978324404906705e-02
4.981931466339352410e-02 5.676520011682047173e-02 -6.794921353536478512e-04 1.110381054451252056e-02 5.909746551506164531e-04 8.928139262908859480e-03 2.951867768646684767e-04 3.307138863858120198e-02 1.862406023265752650e-02 -6.416300240681328537e-01 -3.188103122650100957e-02
4.749777371791941843e-02 -5.014556329847330574e-02 -1.490159508398738704e-03 -1.200350962162731981e-02 -5.405679066809340218e-03 -2.335028687559832783e-02 3.873334153224760983e-03 -6.974264315436717876e-02 3.035336133064071504e-02 -6.355446325113801587e-01 -1.695418123307796884e-02
5.667179611368466235e-02 4.656852161420677039e-02 -6.484637177140497276e-03 4.225530055436556298e-03 1.912580664772545918e-03 1.805096723108468373e-02 3.870520403385611062e-03 3.185705216878891716e-02 8.037894450956420064e-03 -6.454419078003631460e-01 -3.181561295527852301e-02
6.621293442115909478e-02 5.638660220368279380e-02 -1.058634272906565783e-04 -1.762304421459712570e-02 6.174985767501181555e-03 -2.792630124437919109e-02 -1.194774652657929230e-03 -6.085086954259361774e-02 2.632783591140312740e-02 6.400270515040771269e-01 5.475055685924690857e-02
6.127825080604169111e-02 -5.869512244532483491e-02 -7.874284440815124478e-03 -7.481122752959669213e-03 -5.654464293478906646e-03 -2.454189585107760183e-02 -5.493278747082640419e-03 -1.013423573071391831e-03 4.874454414576488009e-02 6.543973832857840067e-01 -1.124224261281418780e-02
-6.040901002659129077e-02 5.796558297995610398e-02 -5.094757257860045921e-03 8.276179587498861887e-03 6.085709333486251545e-03 -2.934232329519259608e-02 -4.587218205643945126e-03 6.849311177894794669e-03 2.684983074377608747e-02 6.373398101140858030e-01 -3.131651226176800085e-02
6.642707375062886777e-02 4.622922215981085936e-02 1.416019714191263379e-02 -1.233482642820652386e-04 8.030922062208770487e-03 5.659023938809881402e-03 1.916456544284177600e-03 2.041235270776359592e-02 1.454355689172614347e-02 6.551991955735345652e-01 -2.562547787366509580e-02
5.917302337188450057e-02 5.296212989419556844e-02 -5.864121356691743767e-03 -2.796614430742280170e-03 1.057850005698759543e-03 -2.412406810599712279e-02 4.978390548434957676e-04 2.300369984700735906e-02 2.627109276573072125e-02 6.332620680893633613e-01 4.495356863533189751e-02
6.659634518208776277e-02 -5.778885404993790165e-02 -1.960907723257006643e-02 -5.305849118011351194e-03 9.063357106966736867e-03 3.848211881367451497e-03 2.345063257145191791e-04 1.950747152606649784e-02 4.451781076398997339e-02 6.352519219613856905e-01 -1.522994712701716824e-02
5.571543592419603286e-02 5.186903384431909569e-02 -9.036888494903519073e-03 -4.165182042394871380e-03 1.898033251380723020e-03 7.650249782334667993e-03 4.333415653441961314e-03 1.006982460925374967e-02 3.533596475920233043e-02 6.433390972378351114e-01 -2.041057482709861259e-02
-5.886859144853231335e-02 5.726934296647183398e-02 -9.299366607544134675e-03 -1.175237017383677987e-02 3.246957973086047038e-03 6.092150456065629008e-03 6.733975415932602279e-03 1.216221707962513235e-02 2.326276596968079868e-02 6.400865998786375854e-01 4.716037512380104324e-02
5.699322637451546825e-02 5.513883725374308514e-02 3.244725785653777232e-03 -3.738171584242715607e-03 2.401842217244912897e-02 -3.173703651042126400e-02 -8.666394146826386993e-04 -5.541094912400305883e-02 2.174954220583781572e-02 -6.305489344070059898e-01 -1.480294083949955201e-02
5.821594759066489599e-02 4.375588241157786495e-02 -1.609288379020992928e-03 -8.532468673712824761e-03 -1.857360200566162897e-02 1.028325356460408832e-02 1.275927208242572108e-03 -1.488764776179152694e-03 3.972400301080129814e-02 -6.541252802746939654e-01 -2.122296377501736719e-02
5.716239532835489662e-02 4.991638839492990032e-02 2.610353249404882316e-03 -4.015308811109144678e-03 7.099672287338769545e-03 7.860146389061498443e-03 -5.758117200423100088e-03 1.257325768609077882e-02 2.459019309063417008e-02 6.443853620272728122e-01 4.480275521319769527e-02
5.366296287860285175e-02 4.493657035625258506e-02 -8.596766997164101767e-03 -5.744642891965271933e-03 -2.343721042186563703e-03 9.341961066770576236e-03 1.055912024713702782e-02 1.755979143029160958e-02 3.170425791102908508e-02 6.380827969763380736e-01 -1.569706245976371789e-02
5.616688533701312547e-02 5.543157238923598212e-02 -8.014124267744832456e-03 -7.232037909855038721e-03 -3.817627388956520290e-03 1.056765126704217045e-02 -2.130195976432977100e-03 2.291082001436429635e-02 2.488702080992455032e-02 6.403555762920508654e-01 4.038048911960791937e-02
