0.000000000000000000e+00 -1.432291666666543617e-03 0.000000000000000000e+00 4.340277777778345225e-03 -1.302083333332856863e-03 2.485677083333323878e-01 1.550347222222212551e-01 -2.201822916666659191e-01 1.388888888889300288e-03 1.174913194444436870e-01 -7.031250000000155431e-03
0.000000000000000000e+00 -7.335069444444286546e-03 0.000000000000000000e+00 2.191840277777770685e-02 -1.302083333333120541e-03 -3.810763888888876738e-02 3.437499999999951705e-02 3.138020833333318715e-02 4.340277777778178692e-03 -7.315538194444458631e-01 -1.684027777777663548e-02
0.000000000000000000e+00 -2.083333333333166337e-03 0.000000000000000000e+00 5.598958333333542425e-03 -1.302083333333182991e-03 2.330729166666670876e-02 1.393663194444438869e-01 -5.915798611111066502e-02 2.734375000000177636e-03 1.245225694444437592e-01 6.388888888888860640e-02
0.000000000000000000e+00 -2.083333333333166337e-03 0.000000000000000000e+00 5.598958333333542425e-03 -1.302083333333182991e-03 2.330729166666670876e-02 1.393663194444438869e-01 -5.915798611111066502e-02 2.734375000000177636e-03 1.245225694444437592e-01 6.388888888888860640e-02
0.000000000000000000e+00 -4.774305555554636538e-04 0.000000000000000000e+00 1.006944444444485276e-02 -3.472222222222140497e-03 -6.028645833333336201e-02 -3.220486111111149630e-02 3.321614583333329374e-01 1.484374999999993339e-02 1.183593750000004885e-01 -8.211805555555584668e-02
0.000000000000000000e+00 -1.128472222222198784e-02 0.000000000000000000e+00 4.340277777777942769e-03 -1.302083333333245441e-03 -5.855034722222177135e-02 1.476996527777769408e-01 7.165798611111112715e-02 3.819444444444514142e-03 1.319878472222219545e-01 8.506944444444441977e-03
0.000000000000000000e+00 -1.171875000000099920e-03 0.000000000000000000e+00 -1.015625000000022760e-02 -1.041666666666996033e-03 1.171874999999950040e-02 5.160590277777737933e-02 -3.029513888888857309e-02 1.519097222221654775e-03 -7.326388888888888395e-01 7.335069444446284948e-03
0.000000000000000000e+00 -7.335069444444286546e-03 0.000000000000000000e+00 2.191840277777770685e-02 -1.302083333333120541e-03 -3.810763888888876738e-02 3.437499999999951705e-02 3.138020833333318715e-02 4.340277777778178692e-03 -7.315538194444458631e-01 -1.684027777777663548e-02
0.000000000000000000e+00 2.560763888889164286e-03 0.000000000000000000e+00 7.812500000000263678e-03 -1.302083333333245441e-03 3.771701388888874795e-02 5.030381944444400899e-02 4.457465277777762636e-02 3.038194444444697329e-03 1.348524305555550695e-01 1.731770833333318160e-02
0.000000000000000000e+00 -1.432291666666390961e-03 0.000000000000000000e+00 5.598958333333278747e-03 -1.302083333333176052e-03 -8.476128472222227428e-01 2.973090277777737378e-02 4.952256944444445586e-02 3.993055555555069525e-03 6.414930555555509173e-02 -5.772569444443154119e-03
0.000000000000000000e+00 -6.076388888887757078e-04 0.000000000000000000e+00 7.517361111111132976e-02 -1.736111111111146577e-03 -6.184895833333280135e-02 1.259114583333330595e-01 6.132812499999992784e-02 1.432291666666668517e-02 1.230468749999994449e-01 -3.871527777777783452e-02
0.000000000000000000e+00 -1.432291666666390961e-03 0.000000000000000000e+00 5.598958333333278747e-03 -1.302083333333176052e-03 -8.476128472222227428e-01 2.973090277777737378e-02 4.952256944444445586e-02 3.993055555555069525e-03 6.414930555555509173e-02 -5.772569444443154119e-03
0.000000000000000000e+00 2.560763888889039386e-03 0.000000000000000000e+00 5.598958333333590998e-03 -1.302083333333259318e-03 6.150173611111078159e-02 9.852430555555680147e-03 4.162326388888885204e-02 2.821180555555830027e-03 1.331163194444437980e-01 4.110243055555534708e-02
0.000000000000000000e+00 7.812500000000111022e-04 0.000000000000000000e+00 7.517361111111107996e-02 -1.736111111111118821e-03 -7.031249999999945877e-02 1.014756944444442227e-01 9.127604166666664076e-02 1.432291666666668517e-02 1.232204861111106942e-01 -3.732638888888883955e-02
0.000000000000000000e+00 -8.444940476190349044e-03 0.000000000000000000e+00 4.253472222221804655e-03 -1.041666666666801744e-03 7.601686507936405990e-02 -2.680431547619027688e-02 1.750992063492018413e-02 1.364087301587102452e-03 -7.364831349206346633e-01 -2.949528769841103237e-02
0.000000000000000000e+00 -2.404513888888862305e-02 0.000000000000000000e+00 -4.192708333333296927e-02 -1.736111111110931471e-03 -1.723090277777758472e-02 4.205729166666655888e-02 8.033854166666659635e-02 1.419270833333338699e-02 1.241319444444440312e-01 1.210937499999992506e-01
0.000000000000000000e+00 2.560763888889164286e-03 0.000000000000000000e+00 7.812500000000263678e-03 -1.302083333333245441e-03 3.771701388888874795e-02 5.030381944444400899e-02 4.457465277777762636e-02 3.038194444444697329e-03 1.348524305555550695e-01 1.731770833333318160e-02
0.000000000000000000e+00 -7.335069444444286546e-03 0.000000000000000000e+00 2.191840277777770685e-02 -1.302083333333120541e-03 -3.810763888888876738e-02 3.437499999999951705e-02 3.138020833333318715e-02 4.340277777778178692e-03 -7.315538194444458631e-01 -1.684027777777663548e-02
0.000000000000000000e+00 -6.467013888888761830e-03 0.000000000000000000e+00 1.579861111111124927e-02 -1.736111111110966165e-03 7.421874999999998612e-02 7.790798611111104943e-02 1.692708333333341197e-02 1.527777777777791779e-02 1.189236111111104666e-01 -1.397569444444451969e-02
0.000000000000000000e+00 -1.128472222222203641e-02 0.000000000000000000e+00 -1.436631944444394238e-02 -1.302083333333058091e-03 3.516493055555546254e-01 4.344618055555544284e-02 -2.108506944444440145e-01 1.171875000000238698e-03 1.211805555555549030e-01 1.723090277777750146e-02
0.000000000000000000e+00 -6.467013888888761830e-03 0.000000000000000000e+00 1.579861111111124927e-02 -1.736111111110966165e-03 7.421874999999998612e-02 7.790798611111104943e-02 1.692708333333341197e-02 1.527777777777791779e-02 1.189236111111104666e-01 -1.397569444444451969e-02
0.000000000000000000e+00 -1.028645833333315107e-02 0.000000000000000000e+00 1.523437500000000833e-02 -1.302083333333564630e-03 -2.663194444444448861e-01 -2.166232638888895556e-01 -3.012586805555540481e-01 2.517361111110782979e-03 7.951388888888816231e-02 -4.600694444443442777e-03
0.000000000000000000e+00 -9.852430555555583003e-03 0.000000000000000000e+00 7.517361111111099670e-02 4.774305555555566349e-03 -6.037326388888848705e-02 9.609374999999982514e-02 8.355034722222229315e-02 1.384548611111119376e-02 1.238281249999996780e-01 -3.016493055555558023e-02
0.000000000000000000e+00 -1.306423611111083571e-02 0.000000000000000000e+00 5.598958333333556303e-03 -1.302083333333134418e-03 1.205295138888883566e-01 -2.851562499999964195e-02 3.398437499999980987e-02 1.736111111111160454e-03 1.320746527777772739e-01 4.583333333333317050e-02
0.000000000000000000e+00 -9.852430555555583003e-03 0.000000000000000000e+00 7.517361111111099670e-02 4.774305555555566349e-03 -6.037326388888848705e-02 9.609374999999982514e-02 8.355034722222229315e-02 1.384548611111119376e-02 1.238281249999996780e-01 -3.016493055555558023e-02
0.000000000000000000e+00 2.560763888889039386e-03 0.000000000000000000e+00 5.598958333333590998e-03 -1.302083333333259318e-03 6.150173611111078159e-02 9.852430555555680147e-03 4.162326388888885204e-02 2.821180555555830027e-03 1.331163194444437980e-01 4.110243055555534708e-02
0.000000000000000000e+00 2.560763888889067141e-03 0.000000000000000000e+00 -1.319444444444402287e-02 -1.302083333333148296e-03 -3.059895833333312748e-02 1.226128472222216270e-01 4.188368055555562880e-02 2.821180555555719005e-03 1.293402777777771240e-01 4.275173611111082739e-02
0.000000000000000000e+00 7.812499999999000799e-04 0.000000000000000000e+00 -2.984374999999995781e-01 -1.736111111111063310e-03 -2.268229166666668462e-01 -2.452256944444501652e-02 1.644965277777754586e-02 7.508680555555424796e-03 8.498263888888851758e-02 -2.613281249999990785e-01
0.000000000000000000e+00 -2.404513888888862305e-02 0.000000000000000000e+00 -4.192708333333296927e-02 -1.736111111110931471e-03 -1.723090277777758472e-02 4.205729166666655888e-02 8.033854166666659635e-02 1.419270833333338699e-02 1.241319444444440312e-01 1.210937499999992506e-01
0.000000000000000000e+00 -7.031249999999725220e-03 0.000000000000000000e+00 -3.190104166666607455e-02 -1.302083333333023396e-03 3.263454861111101390e-01 -2.439236111111077465e-02 -5.950520833333404480e-02 9.982638888891282036e-04 1.135416666666659857e-01 -1.987847222222205446e-02
0.000000000000000000e+00 -2.821180555555302671e-03 0.000000000000000000e+00 8.854166666666898888e-03 3.385416666666904439e-03 2.361111111111133254e-02 1.823784722222209220e-01 -6.063368055555518055e-02 2.994791666666801744e-03 1.256076388888883177e-01 1.349826388888897277e-02
0.000000000000000000e+00 1.085069444444648756e-03 0.000000000000000000e+00 1.579861111111117294e-02 4.774305555555601044e-03 8.493923611111103833e-02 -7.508680555555417857e-03 1.979166666666683921e-02 1.562500000000005551e-02 1.224392361111105165e-01 3.993055555555524716e-02
0.000000000000000000e+00 7.812499999998445688e-04 0.000000000000000000e+00 -2.984374999999993561e-01 4.774305555555649616e-03 -2.266059027777780621e-01 -2.799479166666725416e-02 1.297743055555544700e-02 7.508680555555424796e-03 8.519965277777730162e-02 -2.613281249999990230e-01
0.000000000000000000e+00 -4.340277777775958246e-04 0.000000000000000000e+00 7.812500000000291434e-03 -1.302083333333120541e-03 5.438368055555513336e-02 6.697048611111064420e-02 4.210069444444411446e-02 2.951388888889211470e-03 1.338107638888884621e-01 -9.418402777777612478e-03
0.000000000000000000e+00 -4.836309523809506628e-03 0.000000000000000000e+00 -8.246527777777901136e-03 -1.041666666666718477e-03 -6.165054563492139428e-02 -1.468067956349207726e-01 -1.163380456349205616e-01 8.060515873017370936e-04 -3.572234623015883015e-01 -7.787698412696775208e-03
0.000000000000000000e+00 -2.641369047618497001e-03 0.000000000000000000e+00 1.050967261904733885e-02 -2.821180555555607983e-03 -2.967509920634900378e-02 -2.199280753968321789e-02 3.612351190476151275e-02 4.396081349206437672e-03 -7.038938492063496755e-01 6.870039682541073667e-03
0.000000000000000000e+00 -4.836309523809506628e-03 0.000000000000000000e+00 -8.246527777777901136e-03 -1.041666666666718477e-03 -6.165054563492139428e-02 -1.468067956349207726e-01 -1.163380456349205616e-01 8.060515873017370936e-04 -3.572234623015883015e-01 -7.787698412696775208e-03
0.000000000000000000e+00 1.085069444444614062e-03 0.000000000000000000e+00 8.940972222222440258e-03 -1.736111111110973104e-03 -2.586805555555539426e-02 6.874999999999981126e-02 6.831597222222213217e-02 1.562500000000000000e-02 1.286892361111107441e-01 3.307291666666634100e-02
0.000000000000000000e+00 -9.852430555555583003e-03 0.000000000000000000e+00 7.517361111111099670e-02 4.774305555555566349e-03 -6.037326388888848705e-02 9.609374999999982514e-02 8.355034722222229315e-02 1.384548611111119376e-02 1.238281249999996780e-01 -3.016493055555558023e-02
0.000000000000000000e+00 7.812499999998445688e-04 0.000000000000000000e+00 -2.984374999999993561e-01 4.774305555555649616e-03 -2.266059027777780621e-01 -2.799479166666725416e-02 1.297743055555544700e-02 7.508680555555424796e-03 8.519965277777730162e-02 -2.613281249999990230e-01
0.000000000000000000e+00 7.812499999999000799e-04 0.000000000000000000e+00 -2.984374999999995781e-01 -1.736111111111063310e-03 -2.268229166666668462e-01 -2.452256944444501652e-02 1.644965277777754586e-02 7.508680555555424796e-03 8.498263888888851758e-02 -2.613281249999990785e-01
0.000000000000000000e+00 2.604166666665408414e-04 0.000000000000000000e+00 6.119791666666596353e-03 4.774305555555163894e-03 -2.053819444444453801e-01 -1.254340277777829527e-02 -6.151909722222204113e-01 3.819444444444153319e-03 6.753472222222201005e-02 4.748263888888959450e-02
0.000000000000000000e+00 -9.852430555555583003e-03 0.000000000000000000e+00 7.517361111111099670e-02 4.774305555555566349e-03 -6.037326388888848705e-02 9.609374999999982514e-02 8.355034722222229315e-02 1.384548611111119376e-02 1.238281249999996780e-01 -3.016493055555558023e-02
0.000000000000000000e+00 -2.821180555555302671e-03 0.000000000000000000e+00 8.854166666666898888e-03 3.385416666666904439e-03 2.361111111111133254e-02 1.823784722222209220e-01 -6.063368055555518055e-02 2.994791666666801744e-03 1.256076388888883177e-01 1.349826388888897277e-02
0.000000000000000000e+00 2.560763888889039386e-03 0.000000000000000000e+00 5.598958333333590998e-03 -1.302083333333259318e-03 6.150173611111078159e-02 9.852430555555680147e-03 4.162326388888885204e-02 2.821180555555830027e-03 1.331163194444437980e-01 4.110243055555534708e-02
0.000000000000000000e+00 1.798115079365142366e-03 0.000000000000000000e+00 6.727430555555524716e-03 6.354166666666652419e-02 -3.444320436507955496e-02 -6.695188492063500196e-02 3.447420634920123073e-03 4.749503968254020769e-03 -6.846168154761911318e-01 2.622767857144214787e-03
0.000000000000000000e+00 5.846974206349359049e-03 0.000000000000000000e+00 6.032986111110943961e-03 -1.302083333333148296e-03 -2.575024801587333378e-02 -2.770337301587300072e-02 2.620287698412634980e-02 4.761904761905078054e-03 -7.164620535714292249e-01 2.524801587301683803e-02
0.000000000000000000e+00 2.560763888889039386e-03 0.000000000000000000e+00 5.598958333333590998e-03 -1.302083333333259318e-03 6.150173611111078159e-02 9.852430555555680147e-03 4.162326388888885204e-02 2.821180555555830027e-03 1.331163194444437980e-01 4.110243055555534708e-02
0.000000000000000000e+00 -2.821180555555302671e-03 0.000000000000000000e+00 8.854166666666898888e-03 3.385416666666904439e-03 2.361111111111133254e-02 1.823784722222209220e-01 -6.063368055555518055e-02 2.994791666666801744e-03 1.256076388888883177e-01 1.349826388888897277e-02
0.000000000000000000e+00 2.560763888889039386e-03 0.000000000000000000e+00 5.598958333333590998e-03 -1.302083333333259318e-03 6.150173611111078159e-02 9.852430555555680147e-03 4.162326388888885204e-02 2.821180555555830027e-03 1.331163194444437980e-01 4.110243055555534708e-02
