8.835565476191103995e-04 3.314112103174622626e-03 -5.456349206349533909e-04 -3.286210317459750674e-04 -1.764012896825352394e-03 -1.571800595238016796e-03 1.137772817460386277e-03 1.205977182539848258e-03 3.596230158730229221e-03 1.415891617063487762e-01 -1.683407738095304973e-03
2.470858134920511651e-03 -3.304811507936489257e-03 1.094370039682324158e-03 1.106770833333020621e-03 -3.584449404761871905e-02 -1.165674603175154145e-03 -3.679935515872950758e-03 1.708209325396420342e-03 6.541418650791719358e-04 -8.234188988095230144e-01 6.212797619048249231e-03
1.355820105820214339e-03 2.118468915343951764e-03 -1.149140211640281573e-03 -2.872850529099732486e-04 -3.685102513227449250e-03 -1.660672949735417236e-03 2.598999669312283822e-03 2.425388558201117817e-03 2.315848214285778917e-03 1.400049603174599033e-01 1.796048280423234722e-03
1.355820105820214339e-03 2.118468915343951764e-03 -1.149140211640281573e-03 -2.872850529099732486e-04 -3.685102513227449250e-03 -1.660672949735417236e-03 2.598999669312283822e-03 2.425388558201117817e-03 2.315848214285778917e-03 1.400049603174599033e-01 1.796048280423234722e-03
-5.146329365079374552e-03 8.306981646825375987e-02 -3.441220238095184236e-03 -2.898685515872988228e-03 -5.781870039682453222e-03 -2.000248015872999052e-02 -1.483134920634904264e-02 -2.884734623015835359e-02 1.032366071428564291e-03 1.378348214285708973e-01 4.845610119047549791e-03
3.916583994709593730e-04 -9.590980489417866295e-03 -1.808449074074035268e-03 -5.776703042327246962e-04 -3.220072751322716753e-03 1.833250661375698809e-03 -5.135995370368837132e-04 1.527881117724889243e-02 3.506324404761868019e-03 1.410011574074068186e-01 -4.670965608466470798e-04
1.244212962963064939e-03 1.108837632275455620e-03 -2.170035548941798287e-02 1.482928240740616355e-03 -4.305142195766831215e-03 -5.704365079366169322e-04 1.369254298942135240e-03 -2.192873677248963205e-03 1.737144510581711820e-03 -8.343408978174613466e-01 2.000661375662127206e-03
2.470858134920511651e-03 -3.304811507936489257e-03 1.094370039682324158e-03 1.106770833333020621e-03 -3.584449404761871905e-02 -1.165674603175154145e-03 -3.679935515872950758e-03 1.708209325396420342e-03 6.541418650791719358e-04 -8.234188988095230144e-01 6.212797619048249231e-03
1.413690476190582190e-03 3.587962962962973346e-03 -1.301049933862388763e-03 -1.725777116402330003e-04 -2.823247354497286643e-03 -1.567666997354395797e-03 -1.254546957671888452e-03 3.789475859788518641e-03 2.762276785714279370e-03 1.407624421296292672e-01 6.365740740739422865e-04
5.690930886243478204e-03 5.567956349206371058e-03 -2.733031580687816237e-02 3.352347883597950329e-03 -1.805348875661312580e-03 7.403273809523894244e-03 1.559089781746036268e-02 -8.674355158730030768e-03 5.036995701058188946e-02 1.019200562169308710e-01 -6.252066798941940950e-03
-3.209738756613650379e-03 -9.400834986772389767e-03 -2.684565145502620237e-02 -3.577628968253823705e-03 -6.418444113756471836e-03 -2.254877645502612743e-02 9.355365410052861319e-02 9.643683862433881371e-03 -6.696428571427298637e-04 1.375857721560838631e-01 -2.227905919312159200e-02
7.729828042328662496e-04 2.397486772486648321e-04 2.617600859788384027e-03 -1.910755621693044359e-03 -3.247974537036971143e-03 3.190517526455050740e-02 -9.135251322750781444e-04 -1.439938822751311159e-02 2.036830357142874193e-03 1.402085400132270232e-01 -1.147590112433874432e-02
-3.535259589946965209e-03 2.210441468254012443e-03 4.422949735450598663e-04 -1.653439153439378861e-04 -1.199776785714208593e-03 -1.247313161375537827e-03 7.895171957672739160e-04 2.736441798941849357e-03 1.576967592592612433e-03 1.409401868386238599e-01 3.285176917989351963e-03
2.176339285714354310e-03 4.319609788360073699e-04 1.777447089947661873e-04 1.591435185185549606e-04 -1.657572751322673732e-03 -4.162533068782905965e-03 6.613756613765842118e-05 8.957506613756736902e-03 1.401289682539705317e-03 1.402075066137560555e-01 -1.924189814814902810e-03
-4.684399801586996981e-03 2.240410052910618566e-03 1.014798280423889754e-03 -2.728174603173205703e-04 -3.234540343915154326e-03 -5.183531746031616594e-03 -4.991319444440922570e-04 -3.772941468254242814e-03 -4.934482473544998804e-03 -8.321025545634948006e-01 -2.737475198411942756e-03
5.239335317461304986e-04 -1.125682043650780978e-02 -3.654100529100409722e-03 7.824900793650793607e-03 -2.965856481481385365e-03 -1.316550925925835669e-03 -1.149140211640066467e-03 1.696221891534401005e-02 2.102967923280421592e-03 1.403273809523803983e-01 -1.565600198412869792e-03
-2.881117724867619800e-03 5.853174603174596258e-03 -7.181092923280299467e-03 7.108754960317494043e-03 -1.209077380951925629e-04 -2.761243386243228404e-03 -1.672040343915263960e-03 2.108134920635044984e-03 1.820436507936495918e-02 1.244440310846557790e-01 2.731274801587108003e-03
2.470858134920511651e-03 -3.304811507936489257e-03 1.094370039682324158e-03 1.106770833333020621e-03 -3.584449404761871905e-02 -1.165674603175154145e-03 -3.679935515872950758e-03 1.708209325396420342e-03 6.541418650791719358e-04 -8.234188988095230144e-01 6.212797619048249231e-03
5.225074404761895219e-02 6.169394841269645879e-04 -3.313182043650777370e-02 -2.263144841269798535e-03 -4.228670634920515814e-03 -5.626860119047477626e-03 3.069196428572840141e-04 1.395089285714299493e-02 -1.860119047617930788e-04 1.387276785714278426e-01 -1.458333333333330928e-02
1.022032076719685267e-03 -8.976107804232677512e-03 -3.208705357142835335e-03 5.091559193121708571e-03 -2.008928571428536536e-03 3.337880291005429489e-04 -1.057167658730089055e-03 8.706390542328128201e-03 2.835648148148184333e-03 1.403511491402112676e-01 2.743675595237998754e-03
5.225074404761895219e-02 6.169394841269645879e-04 -3.313182043650777370e-02 -2.263144841269798535e-03 -4.228670634920515814e-03 -5.626860119047477626e-03 3.069196428572840141e-04 1.395089285714299493e-02 -1.860119047617930788e-04 1.387276785714278426e-01 -1.458333333333330928e-02
-2.282707093253969199e-01 -1.736421130952380820e-01 -2.774687913359785707e-01 -4.299665178571454582e-02 -3.159928902116393434e-02 -1.276248346560837632e-02 -2.096974206349244696e-02 -2.079261739417985755e-01 -1.511656746031742049e-02 1.046471974206342193e-01 5.193865740740799541e-02
3.913483796296357564e-03 -3.418485449735379766e-03 -8.416005291005237976e-03 1.521164021164110591e-03 1.205977182539688664e-02 -1.562499999999918121e-03 -2.495659722222147436e-03 4.477719907407431976e-03 5.787037037037048859e-03 1.343367642195762990e-01 -3.699570105820670918e-04
6.159060846561564828e-04 -1.234809027777766105e-02 -3.363715277777713786e-03 -8.453207671956924907e-04 -3.339947089947045700e-03 1.636904761904853234e-03 -1.578000992063399721e-03 1.857018849206368283e-02 9.332630621693205342e-03 1.403707837301580441e-01 -3.218005952381058909e-03
7.039517195767334978e-03 1.601769179894532713e-04 1.900421626984158396e-03 2.090567129629655740e-03 1.586888227513222338e-02 -1.064401455026300902e-04 -8.132853835977962853e-04 4.909680886243363018e-03 5.787037037037034981e-03 1.040529927248676212e-01 4.943783068782958701e-03
1.116071428571507873e-03 3.307911706349281333e-03 -1.686507936507895822e-03 -2.170138888888673012e-04 -2.749875992063458008e-03 -6.944444444443587106e-04 -1.050967261904588168e-03 3.807043650793796863e-03 2.725074404761884672e-03 1.410776289682535434e-01 1.984126984125311743e-04
5.668196097883680673e-03 5.999917328042336795e-03 -1.252480158730151505e-02 3.741939484127043691e-03 6.314070767196103273e-04 -1.333085317460160069e-03 2.553530092592598555e-03 9.228257275133364135e-04 -4.310309193121628080e-03 1.406828703703699446e-01 3.800843253968122504e-03
5.750868055555628799e-03 3.572461970899491746e-03 -1.030712632275126300e-02 2.140170304232844045e-03 2.046130952382055335e-04 -3.753306878306758576e-03 1.186342592592704026e-03 2.487392526455155239e-03 3.312045304232819065e-03 1.395306299603168987e-01 1.709242724867637842e-03
5.239335317461304986e-04 -1.125682043650780978e-02 -3.654100529100409722e-03 7.824900793650793607e-03 -2.965856481481385365e-03 -1.316550925925835669e-03 -1.149140211640066467e-03 1.696221891534401005e-02 2.102967923280421592e-03 1.403273809523803983e-01 -1.565600198412869792e-03
2.257977843915362492e-03 -6.167328042328022730e-03 -7.771164021164733704e-04 7.988177910053517738e-04 -1.470527447089836626e-03 8.773561507937482906e-04 1.139839616402182898e-03 5.431547619047683018e-03 2.509093915343971193e-03 1.407707093253965092e-01 4.629629629628873033e-04
1.079489087301589018e-02 -5.986483134920519977e-03 -3.173569775132230320e-03 2.288979828042402020e-03 4.719535383597969758e-03 -1.170841600528930992e-03 7.184193121693195627e-03 -8.608217592591393963e-04 2.276579034391615353e-03 1.336226851851845254e-01 -3.861813822751414271e-03
1.051070601851847308e-02 8.530712632275151697e-03 -1.397672784391526535e-02 1.172908399470991292e-03 1.224888392857135383e-02 -1.747478505290923911e-03 8.918237433863177022e-04 -1.180142195767105995e-03 -6.260333994708863758e-03 1.315486524470896590e-01 4.094328703703575822e-03
-2.193981293590669124e-01 -9.279325998076017046e-02 -5.849783174001930985e-02 -1.686282467532468909e-01 -2.258558426527168261e-01 1.416358525733528440e-02 -1.744603775853822980e-02 -8.055536766474483135e-03 -1.957446488696223952e-03 1.058994896885513404e-01 -1.815974101130340967e-01
6.087756283068831986e-03 4.041625330687866058e-03 -9.844163359788236922e-03 -1.663773148147529302e-04 -3.122933201058143704e-03 -1.699942129629580800e-03 9.187954695767358571e-03 3.514591600529172466e-03 1.984126984127004834e-03 1.410197585978830159e-01 -5.169064153439151266e-03
9.259259259261354291e-04 1.578000992063843810e-03 -2.573681382275136431e-02 3.741939484126710624e-03 -3.324446097883460016e-03 -2.511160714285420870e-03 -1.618303571428059140e-03 6.872106481477513462e-04 1.749545304232658083e-03 -8.315920552248685649e-01 1.933490410053084751e-03
1.453993055555269365e-03 -5.360243055555408143e-03 -1.368220899470834473e-03 -2.190806878307194339e-04 -1.007771164021112331e-02 -1.419890873015999810e-03 -4.351645171957713165e-03 -4.454985119047571995e-03 1.612103174601919875e-04 -8.291222304894185768e-01 5.921378968258839137e-04
9.259259259261354291e-04 1.578000992063843810e-03 -2.573681382275136431e-02 3.741939484126710624e-03 -3.324446097883460016e-03 -2.511160714285420870e-03 -1.618303571428059140e-03 6.872106481477513462e-04 1.749545304232658083e-03 -8.315920552248685649e-01 1.933490410053084751e-03
1.338562334656095976e-02 1.663256448412697708e-02 -1.481378141534379217e-02 -1.282448743386177537e-03 -4.454985119047474851e-03 -4.363012566137434989e-03 9.522776124338584725e-03 -7.287533068782929557e-03 -4.236937830677522943e-05 1.395130621693115303e-01 -9.765625000001110223e-04
7.039517195767334978e-03 1.601769179894532713e-04 1.900421626984158396e-03 2.090567129629655740e-03 1.586888227513222338e-02 -1.064401455026300902e-04 -8.132853835977962853e-04 4.909680886243363018e-03 5.787037037037034981e-03 1.040529927248676212e-01 4.943783068782958701e-03
-2.193981293590669124e-01 -9.279325998076017046e-02 -5.849783174001930985e-02 -1.686282467532468909e-01 -2.258558426527168261e-01 1.416358525733528440e-02 -1.744603775853822980e-02 -8.055536766474483135e-03 -1.957446488696223952e-03 1.058994896885513404e-01 -1.815974101130340967e-01
5.750868055555628799e-03 3.572461970899491746e-03 -1.030712632275126300e-02 2.140170304232844045e-03 2.046130952382055335e-04 -3.753306878306758576e-03 1.186342592592704026e-03 2.487392526455155239e-03 3.312045304232819065e-03 1.395306299603168987e-01 1.709242724867637842e-03
2.035796957671927310e-03 1.537698412698441930e-03 -1.261780753968225199e-03 1.374421296296411688e-03 9.579613095238151410e-03 -4.182167658730036319e-03 -6.272734788359199398e-04 1.240079365080817841e-04 2.554563492063538499e-03 1.330212466931212645e-01 1.677207341269748575e-03
3.913483796296357564e-03 -3.418485449735379766e-03 -8.416005291005237976e-03 1.521164021164110591e-03 1.205977182539688664e-02 -1.562499999999918121e-03 -2.495659722222147436e-03 4.477719907407431976e-03 5.787037037037048859e-03 1.343367642195762990e-01 -3.699570105820670918e-04
1.079489087301589018e-02 -5.986483134920519977e-03 -3.173569775132230320e-03 2.288979828042402020e-03 4.719535383597969758e-03 -1.170841600528930992e-03 7.184193121693195627e-03 -8.608217592591393963e-04 2.276579034391615353e-03 1.336226851851845254e-01 -3.861813822751414271e-03
-3.535259589946965209e-03 2.210441468254012443e-03 4.422949735450598663e-04 -1.653439153439378861e-04 -1.199776785714208593e-03 -1.247313161375537827e-03 7.895171957672739160e-04 2.736441798941849357e-03 1.576967592592612433e-03 1.409401868386238599e-01 3.285176917989351963e-03
4.380477017195746892e-02 7.164248511904725003e-02 -2.638992228835959630e-02 4.670965608465600660e-02 2.642629794973540558e-01 -1.991360780423181986e-03 1.501012731481490836e-02 2.231367807539678394e-01 2.951388888888906159e-03 -5.723358961640195863e-01 7.903232473544929970e-02
6.664487133238583549e-04 9.351325757576967046e-04 -1.341446458633960281e-03 1.166614057239168112e-03 -7.198754659692052638e-03 -5.841901154401196727e-03 -2.191934223184310859e-03 -3.387577411015002538e-03 -5.865669342231427663e-03 -8.309462745009630336e-01 -1.613042628664240752e-04
1.116071428571507873e-03 3.307911706349281333e-03 -1.686507936507895822e-03 -2.170138888888673012e-04 -2.749875992063458008e-03 -6.944444444443587106e-04 -1.050967261904588168e-03 3.807043650793796863e-03 2.725074404761884672e-03 1.410776289682535434e-01 1.984126984125311743e-04
1.079489087301589018e-02 -5.986483134920519977e-03 -3.173569775132230320e-03 2.288979828042402020e-03 4.719535383597969758e-03 -1.170841600528930992e-03 7.184193121693195627e-03 -8.608217592591393963e-04 2.276579034391615353e-03 1.336226851851845254e-01 -3.861813822751414271e-03
9.517609126984474810e-04 2.889384920634972820e-03 -8.928571428571466240e-04 -2.449156746031633247e-04 -2.948288690476114082e-03 -1.066468253968180790e-03 1.550099206350866177e-04 2.306547619047805142e-03 2.284846230158732450e-03 1.409598214285709694e-01 1.438492063491947359e-03
