4.296875000000088818e-03 7.880704365079448104e-03 5.257936507936676607e-03 1.649305555555743985e-03 -8.401537698411593036e-04 6.405009920635008902e-03 5.239335317460375174e-03 1.363467261904778571e-02 1.671006944444580755e-03 1.422123015873006380e-01 9.300595238082021154e-05
1.649305555555036218e-03 -1.041563326719618932e-02 3.039227843915054406e-03 2.003761574073587015e-03 -1.311383928572218416e-03 3.677868716930959847e-03 8.024346891533695736e-03 1.260954034391462142e-02 1.489128637565673152e-03 -8.344762731481452089e-01 1.210110780424988874e-03
1.498429232804239508e-02 2.010582010582002283e-02 -6.044353505290901707e-03 1.901455026455237118e-03 -1.580067791005203282e-03 6.855572089947054026e-03 5.668196097883805573e-03 2.995825066137727810e-03 1.512896825397014311e-03 1.410497271825388310e-01 5.063657407400334876e-05
1.498429232804239508e-02 2.010582010582002283e-02 -6.044353505290901707e-03 1.901455026455237118e-03 -1.580067791005203282e-03 6.855572089947054026e-03 5.668196097883805573e-03 2.995825066137727810e-03 1.512896825397014311e-03 1.410497271825388310e-01 5.063657407400334876e-05
6.711929563492119444e-03 1.391627397486765449e-01 3.237640542328126814e-03 6.196779927248675934e-02 -9.107349537037019716e-03 -3.152488425925893678e-02 4.797040343915572047e-03 -1.161013971560838909e-01 -1.041666666666551944e-03 1.316354580026447840e-01 -2.237309854497521178e-03
6.040219907407495814e-03 -1.971416170634889692e-02 5.332341269841396614e-03 1.276248346560954205e-03 -2.681671626983961332e-03 6.612723214285798345e-03 7.254464285714370964e-03 4.492807539682512619e-02 7.089120370372126168e-04 1.410352595899462824e-01 -3.292410714285765039e-03
3.943452380951673053e-03 6.197296626983789247e-03 4.048859126983939127e-03 -6.300636574074619523e-03 -1.858052248677827256e-03 3.106398809523236437e-03 2.017195767195251177e-03 5.022321428570675206e-03 1.835317460316954197e-03 -8.343760333994675316e-01 3.863880621694404383e-03
1.649305555555036218e-03 -1.041563326719618932e-02 3.039227843915054406e-03 2.003761574073587015e-03 -1.311383928572218416e-03 3.677868716930959847e-03 8.024346891533695736e-03 1.260954034391462142e-02 1.489128637565673152e-03 -8.344762731481452089e-01 1.210110780424988874e-03
3.769841269841374409e-03 8.457341269841212039e-03 5.124627976190565537e-03 2.117435515873185292e-03 -1.466393849206153177e-03 7.424975198412654687e-03 6.755332341270008090e-03 1.098400297619061411e-02 1.702008928571502322e-03 1.421440972222214882e-01 4.867311507935623283e-04
3.952649636243383419e-02 -7.853835978829243336e-05 -1.479001322751308939e-02 1.431154927248693559e-02 -1.924189814814666888e-03 -3.708870701058006314e-03 4.861111111111107719e-03 1.429191468253995095e-02 -1.365017361111091343e-02 1.402808779761894331e-01 8.379836309523713833e-03
7.496279761904929562e-03 1.108630952380949830e-02 -2.638268849206301669e-03 5.992683531746249848e-03 -1.621403769841121834e-03 6.448412698412835098e-03 7.908606150793813516e-03 3.940352182539859360e-03 4.482886904762034552e-03 1.409505208333323711e-01 3.453621031745846004e-03
5.385044642857349240e-03 8.420138888888956119e-03 3.038194444445752040e-04 1.812582671957954639e-03 -5.611359126982753964e-04 5.437748015873121454e-03 5.902777777777624968e-03 1.723090277777798024e-02 1.584201388889011630e-03 1.422009341931207149e-01 -2.170138888890060791e-04
-2.958105985449712566e-02 1.782614087301589989e-02 2.632171792328040494e-02 2.986524470899677708e-03 -2.082299933862379049e-03 1.129505621693151218e-03 7.962342923280511797e-03 1.634217923280432277e-02 9.248925264551954850e-04 1.398933531746023584e-01 5.776703042327968607e-03
1.915922619047730202e-03 6.473214285714297411e-03 5.102926587301694072e-03 3.974454365079593821e-03 -1.233878968253797337e-03 6.125992063492222139e-03 1.044146825396836259e-02 8.947172619047732978e-03 3.298611111111293681e-03 1.419704861111101279e-01 4.836309523807424959e-04
-2.675987929894213524e-02 9.924768518518256588e-03 2.204344411375641632e-02 2.779844576716594684e-04 -1.413690476190859746e-03 5.993716931171344520e-05 -2.621734457672358909e-03 1.011698082010514810e-02 9.011243386238820818e-04 -8.183862433862411079e-01 -6.642691798940614234e-03
3.023726851851940567e-03 -1.260437334656066416e-02 3.370949074074196250e-03 -7.330935846560748814e-03 -3.840112433862376273e-03 1.069361772486793205e-02 1.667596726190481021e-02 3.308635085978833823e-02 2.077132936508047090e-03 1.405981316137559223e-01 1.749545304232602572e-03
-1.187996031746024056e-02 8.250661375661397234e-03 8.226893187830805476e-03 1.940207506613769034e-02 -2.015128968253863950e-03 9.093915343934971807e-05 1.115141369047627923e-02 1.315517526455033809e-02 -7.530381944444275444e-03 1.400752314814805721e-01 8.573082010581933865e-03
1.649305555555036218e-03 -1.041563326719618932e-02 3.039227843915054406e-03 2.003761574073587015e-03 -1.311383928572218416e-03 3.677868716930959847e-03 8.024346891533695736e-03 1.260954034391462142e-02 1.489128637565673152e-03 -8.344762731481452089e-01 1.210110780424988874e-03
2.008308531746041264e-02 2.087983630952378045e-02 -1.640108300264543628e-02 1.487061838624535726e-03 -1.492228835978708090e-03 6.893807870370478874e-03 1.665943287037046500e-02 -1.269014550264270513e-03 1.077835648148367520e-03 1.400008267195758660e-01 -4.195601851854913189e-04
7.002314814814940280e-03 -1.276765046296274297e-02 1.289682539682646123e-03 -4.669932208994594103e-03 -3.212838955026393883e-03 6.900008267195917311e-03 1.178902116402124473e-02 3.450727513227518778e-02 3.596230158730284732e-03 1.405247602513219063e-01 2.541129298941596781e-03
2.008308531746041264e-02 2.087983630952378045e-02 -1.640108300264543628e-02 1.487061838624535726e-03 -1.492228835978708090e-03 6.893807870370478874e-03 1.665943287037046500e-02 -1.269014550264270513e-03 1.077835648148367520e-03 1.400008267195758660e-01 -4.195601851854913189e-04
-3.383546213624332721e-01 -2.162481398809519562e-01 -2.602502893518515714e-01 2.728794642857126918e-02 -1.042906746031768694e-02 -8.460441468254059627e-03 6.076905588624281762e-02 -2.255508019179890689e-01 -1.250103339947150616e-02 8.746279761904685035e-02 8.377459490740823966e-02
3.360615079365102120e-03 -1.087549603174581270e-02 1.519097222223153576e-04 2.105034722222405563e-03 1.512070105820103455e-02 5.080191798941931236e-03 1.207217261904760391e-02 1.551442625661394320e-02 1.642071759259455810e-03 1.416687334656077102e-01 1.659639550264324637e-03
9.646784060846687325e-03 -2.256841104497332717e-02 8.529679232804225630e-03 1.142939814814954158e-03 -3.576595568782994783e-03 7.190393518518627125e-03 4.505621693121908411e-03 4.440207506613753907e-02 6.376074735451320308e-04 1.405774636243378728e-01 -2.987557870370638469e-03
2.326182208994845291e-03 -1.198743386243367182e-02 3.696469907407386180e-03 1.819816468254104036e-03 1.503699570105820893e-02 6.666459986772628465e-03 1.169188161375664392e-02 1.367290839947098158e-02 1.318617724867909846e-03 1.417720734126976800e-01 1.486028439153297409e-03
4.402281746031896925e-03 9.350198412698330908e-03 5.642361111111209027e-03 2.120535714285866347e-03 -1.581101190475983631e-03 6.063988095238108389e-03 6.119791666666818397e-03 1.106770833333343973e-02 1.748511904762023450e-03 1.421006944444436759e-01 4.650297619046006581e-04
7.529348544973661628e-03 3.427786044973665791e-03 -2.226252480158703168e-02 -2.572027943121674848e-02 -5.058490410052809971e-03 3.623098544973633872e-03 5.956514550264642438e-03 1.008597883597891348e-02 7.574818121694470996e-04 1.380177331349199399e-01 7.114335317460268593e-02
1.401289682539690051e-02 1.533358134920637800e-02 -1.651269014550246078e-02 -3.141844411375634138e-02 -5.367476851851821218e-03 1.287409060846574776e-02 1.629050925925934479e-02 2.760623346560844849e-02 3.158068783068790353e-02 1.373532572751314795e-01 -1.425264550264557228e-02
3.023726851851940567e-03 -1.260437334656066416e-02 3.370949074074196250e-03 -7.330935846560748814e-03 -3.840112433862376273e-03 1.069361772486793205e-02 1.667596726190481021e-02 3.308635085978833823e-02 2.077132936508047090e-03 1.405981316137559223e-01 1.749545304232602572e-03
2.633101851851928077e-03 -9.555844907407219646e-03 4.896246693121705795e-03 -1.894221230158710245e-02 -4.085028108465359187e-03 1.031125992063502278e-02 1.477451223544982289e-02 3.617931547619033378e-02 1.864355985449736575e-02 1.401796048280416207e-01 -7.534515542328118487e-03
4.140831679894381445e-03 7.603753306878416329e-03 4.480820105820168542e-03 2.249710648148335601e-03 1.248243220899478839e-02 3.144634589947209458e-03 2.022362764550290903e-03 5.832506613756761882e-03 1.523230820105997418e-03 1.420996610449726250e-01 1.920056216931032012e-03
8.644386574074069962e-03 1.055514219576728779e-02 -1.156580687830665449e-02 1.758845899471027374e-03 1.176318617724858573e-02 4.282407407407554101e-03 1.159887566137571269e-02 -2.646536044973321622e-03 1.133535879629637977e-02 1.416263640873008933e-01 1.477761243384723144e-04
-2.113921957671942992e-02 7.096354166666776764e-03 1.859499007936507575e-02 -1.851128472222193094e-02 2.571717923280422008e-02 5.294105489418200750e-03 1.694258432539682419e-02 1.342489252645508863e-02 4.166666666666762886e-03 1.402064732142849213e-01 -4.292741402116495575e-03
2.145854001322758386e-02 2.056258267195757578e-02 -1.867972883597868866e-02 1.640004960317673066e-03 -1.265914351851818442e-03 3.651000330687992346e-03 7.879670965608598365e-03 1.326471560846567699e-02 1.460193452381131074e-03 1.398396164021156185e-01 -2.310681216931342874e-03
2.402653769840668030e-03 4.595527447089298168e-03 3.613797949734792736e-03 -6.871073082011319721e-03 -1.585234788360256886e-03 3.910383597883232421e-03 2.121569113756105462e-03 1.082795965608385202e-02 2.257977843914571459e-03 -8.368809937169272573e-01 3.107432208996341316e-03
1.514653604497309680e-02 -1.778997189153433411e-02 5.834573412698162986e-03 7.734995039681974438e-03 -2.768477182539946790e-03 3.300677910052507436e-03 -1.476934523809561584e-02 -4.168733465609059108e-03 7.357804232801523625e-04 -8.084418402777762136e-01 2.685805224869275420e-03
2.402653769840668030e-03 4.595527447089298168e-03 3.613797949734792736e-03 -6.871073082011319721e-03 -1.585234788360256886e-03 3.910383597883232421e-03 2.121569113756105462e-03 1.082795965608385202e-02 2.257977843914571459e-03 -8.368809937169272573e-01 3.107432208996341316e-03
2.243923611111112160e-02 2.605613425925912274e-02 -1.513000165343902914e-02 3.214905753968412550e-03 -1.403356481481439488e-03 6.881407076719754656e-03 6.258267195767254487e-03 -1.083312665343887093e-02 1.018621858465620922e-02 1.397869130290997075e-01 4.340277777775680690e-05
2.326182208994845291e-03 -1.198743386243367182e-02 3.696469907407386180e-03 1.819816468254104036e-03 1.503699570105820893e-02 6.666459986772628465e-03 1.169188161375664392e-02 1.367290839947098158e-02 1.318617724867909846e-03 1.417720734126976800e-01 1.486028439153297409e-03
-2.113921957671942992e-02 7.096354166666776764e-03 1.859499007936507575e-02 -1.851128472222193094e-02 2.571717923280422008e-02 5.294105489418200750e-03 1.694258432539682419e-02 1.342489252645508863e-02 4.166666666666762886e-03 1.402064732142849213e-01 -4.292741402116495575e-03
1.401289682539690051e-02 1.533358134920637800e-02 -1.651269014550246078e-02 -3.141844411375634138e-02 -5.367476851851821218e-03 1.287409060846574776e-02 1.629050925925934479e-02 2.760623346560844849e-02 3.158068783068790353e-02 1.373532572751314795e-01 -1.425264550264557228e-02
2.602099867725020388e-03 6.023685515873081209e-03 1.302083333334577708e-04 2.590732473545152847e-03 1.283172123015875743e-02 1.131572420635017229e-03 5.031622023809509403e-03 1.298673115079381629e-02 8.473875661377250346e-04 1.422825727513219451e-01 1.041666666666524188e-03
3.360615079365102120e-03 -1.087549603174581270e-02 1.519097222223153576e-04 2.105034722222405563e-03 1.512070105820103455e-02 5.080191798941931236e-03 1.207217261904760391e-02 1.551442625661394320e-02 1.642071759259455810e-03 1.416687334656077102e-01 1.659639550264324637e-03
4.140831679894381445e-03 7.603753306878416329e-03 4.480820105820168542e-03 2.249710648148335601e-03 1.248243220899478839e-02 3.144634589947209458e-03 2.022362764550290903e-03 5.832506613756761882e-03 1.523230820105997418e-03 1.420996610449726250e-01 1.920056216931032012e-03
-2.958105985449712566e-02 1.782614087301589989e-02 2.632171792328040494e-02 2.986524470899677708e-03 -2.082299933862379049e-03 1.129505621693151218e-03 7.962342923280511797e-03 1.634217923280432277e-02 9.248925264551954850e-04 1.398933531746023584e-01 5.776703042327968607e-03
6.163194444443909070e-03 2.740058697089928219e-02 -2.790178571440704580e-05 8.700190145502162409e-03 3.239397321428499898e-02 1.903521825396325973e-03 -4.656498015873089535e-03 -7.462384259259274844e-02 2.521494708989102662e-04 -8.087053571428552967e-01 -1.300016534390047163e-03
1.968625992062655872e-03 4.382647156084135132e-03 4.893146494708455752e-03 3.549727182539097470e-03 -1.034432870370777247e-03 2.092633928571174806e-03 2.161871693121070193e-03 5.825272817459592467e-03 4.737103174602630418e-03 -8.400886656745993886e-01 -9.879298941786185395e-04
4.402281746031896925e-03 9.350198412698330908e-03 5.642361111111209027e-03 2.120535714285866347e-03 -1.581101190475983631e-03 6.063988095238108389e-03 6.119791666666818397e-03 1.106770833333343973e-02 1.748511904762023450e-03 1.421006944444436759e-01 4.650297619046006581e-04
4.140831679894381445e-03 7.603753306878416329e-03 4.480820105820168542e-03 2.249710648148335601e-03 1.248243220899478839e-02 3.144634589947209458e-03 2.022362764550290903e-03 5.832506613756761882e-03 1.523230820105997418e-03 1.420996610449726250e-01 1.920056216931032012e-03
3.608630952381119972e-03 9.164186507936537829e-03 4.991319444444551612e-03 2.281746031746231806e-03 -9.362599206347577141e-04 4.861111111111135474e-03 4.929315476190576639e-03 1.372147817460332708e-02 1.996527777778006607e-03 1.422309027777767798e-01 6.510416666664908814e-04
