2.037653126616035260e-01 -9.693092589882963406e-01 1.245642272100373704e+00 -1.338769096024721161e-01 1.225258454340791614e+00 9.733744699426825076e-01 -9.420783150444374254e-02 5.241995984438214684e-01 -1.036452717546147761e+00 2.385459927086005294e+00
2.037653126616035260e-01 -9.693092589882963406e-01 -8.215478510849045790e-01 -6.567872860604424545e-01 1.225258454340791614e+00 9.733744699426825076e-01 -9.420783150444374254e-02 5.241995984438214684e-01 1.196483658710609355e+00 2.385459927086005294e+00
7.305634670212768356e-01 -9.693092589882963406e-01 -1.529288871470955380e+00 -1.338769096024721161e-01 1.225258454340791614e+00 9.733744699426825076e-01 -9.420783150444374254e-02 5.241995984438214684e-01 1.304547293850928824e+00 2.385459927086005294e+00
-1.378273195834790243e+00 -9.693092589882963406e-01 1.245642272100373704e+00 -1.338769096024721161e-01 1.225258454340791614e+00 9.733744699426825076e-01 -3.426046220513034868e-01 5.241995984438214684e-01 -6.408305230275543884e-01 2.385459927086005294e+00
3.364128975068769734e-01 -9.693092589882963406e-01 -1.140807692993988098e+00 -4.127466216833353130e-01 1.429123799715663168e+00 1.061091182864716487e+00 -2.239821561335064715e-02 2.087979636686325691e-01 1.346620797525415192e+00 2.222508527677241830e+00
2.037653126616035260e-01 -9.693092589882963406e-01 -5.604549521016799485e-01 -1.338769096024721161e-01 1.225258454340791614e+00 9.733744699426825076e-01 2.323130885956190550e+00 5.241995984438214684e-01 1.196483658710609355e+00 2.385459927086005294e+00
6.504365330903101317e-01 -9.693092589882963406e-01 -4.659973182866705699e-03 -1.338769096024721161e-01 1.225258454340791614e+00 1.393187517621748306e+00 -9.420783150444374254e-02 5.241995984438214684e-01 1.196483658710609355e+00 -9.732182624505725244e-02
-5.948960155848230791e-01 -9.693092589882963406e-01 1.245642272100373704e+00 -1.338769096024721161e-01 1.225258454340791614e+00 2.257207331493719327e+00 -9.420783150444374254e-02 5.241995984438214684e-01 -1.830664159188239104e+00 2.385459927086005294e+00
2.037653126616035260e-01 1.031662486174678151e+00 5.751480068677514712e-01 -1.338769096024721161e-01 9.964470418218858150e-01 -8.572936280193843572e-01 -9.420783150444374254e-02 5.241995984438214684e-01 1.196483658710609355e+00 2.385459927086005294e+00
2.037653126616035260e-01 -9.693092589882963406e-01 -2.790360593173946135e-01 1.568661685208221357e+00 1.225258454340791614e+00 1.175252672480158633e+00 -9.420783150444374254e-02 9.014716886431535237e-01 -7.067929381439768122e-01 2.385459927086005294e+00
