2.037653126616035260e-01 -9.693092589882963406e-01 -5.208055574343462002e-01 -1.338769096024721161e-01 1.225258454340791614e+00 9.733744699426825076e-01 -9.420783150444374254e-02 5.241995984438214684e-01 4.108701027950742990e-01 2.385459927086005294e+00
1.132225837095796717e+00 -9.693092589882963406e-01 5.284902896794345661e-01 -1.338769096024721161e-01 1.225258454340791614e+00 1.526551754917397918e+00 -9.420783150444374254e-02 5.241995984438214684e-01 6.370431579038351444e-01 2.385459927086005294e+00
2.037653126616035260e-01 -9.693092589882963406e-01 1.183915838567359824e-01 -1.338769096024721161e-01 9.812931904532598004e-01 2.420529343648261111e-01 -9.420783150444374254e-02 5.241995984438214684e-01 -5.807693547584236171e-02 2.385459927086005294e+00
2.037653126616035260e-01 -9.693092589882963406e-01 1.071793960532698708e-01 2.250521994589529839e+00 1.225258454340791614e+00 9.733744699426825076e-01 -9.420783150444374254e-02 5.241995984438214684e-01 6.546653848009031940e-01 2.385459927086005294e+00
2.037653126616035260e-01 -9.693092589882963406e-01 -4.910481572109015591e-01 -1.338769096024721161e-01 1.225258454340791614e+00 1.179812069197341717e+00 -9.420783150444374254e-02 5.241995984438214684e-01 -7.669323452136949104e-01 2.169718763251691662e+00
2.037653126616035260e-01 -9.693092589882963406e-01 1.285051603548958976e-01 -1.338769096024721161e-01 1.225258454340791614e+00 7.933935912459131323e-01 7.618449110971692306e-01 -1.190898393816269385e+00 4.257326427843532990e-01 2.385459927086005294e+00
2.037653126616035260e-01 -9.693092589882963406e-01 -2.557143242923824999e-01 3.190931497254774207e-01 1.399140503779594980e+00 9.733744699426825076e-01 -9.420783150444374254e-02 3.518414139156018638e-01 -1.209194431814180737e+00 2.385459927086005294e+00
-2.523417827335145969e-01 -9.693092589882963406e-01 4.456938471861755513e-01 -1.338769096024721161e-01 1.225258454340791614e+00 9.733744699426825076e-01 -9.420783150444374254e-02 -7.349273015321060587e-01 -1.216055546573499013e+00 2.385459927086005294e+00
2.037653126616035260e-01 -9.693092589882963406e-01 2.784204905460125890e-01 -1.338769096024721161e-01 2.710477362703701765e+00 9.733744699426825076e-01 -9.420783150444374254e-02 5.241995984438214684e-01 -1.494035090825584167e+00 2.385459927086005294e+00
7.904009778920455531e-01 -9.693092589882963406e-01 8.264071667229089257e-03 -5.267292905671208114e-01 4.461775358041131234e-01 2.380467959637613262e-01 -9.420783150444374254e-02 1.870278805696830027e-01 3.070275179391823706e-01 2.153804961849004940e+00
