2.037653126616035260e-01 -9.693092589882963406e-01 1.245642272100373704e+00 -1.338769096024721161e-01 1.225258454340791614e+00 9.733744699426825076e-01 -9.420783150444374254e-02 5.241995984438214684e-01 -7.260593406383772930e-01 2.385459927086005294e+00
2.037653126616035260e-01 -9.693092589882963406e-01 -1.098199619883991618e+00 -1.338769096024721161e-01 1.225258454340791614e+00 9.733744699426825076e-01 -9.420783150444374254e-02 5.241995984438214684e-01 1.196483658710609355e+00 2.385459927086005294e+00
2.037653126616035260e-01 -9.693092589882963406e-01 1.100772228549058651e+00 -8.510398536378174228e-01 1.225258454340791614e+00 9.733744699426825076e-01 -9.420783150444374254e-02 7.239898088062934889e-02 -4.920773938082723120e-02 2.026299476781419528e+00
2.037653126616035260e-01 -9.693092589882963406e-01 -3.986739035449351487e-01 -1.338769096024721161e-01 1.225258454340791614e+00 9.733744699426825076e-01 -9.420783150444374254e-02 -1.302698360626065588e+00 1.196483658710609355e+00 2.385459927086005294e+00
2.037653126616035260e-01 -9.693092589882963406e-01 -8.374178567700596432e-02 -1.338769096024721161e-01 1.225258454340791614e+00 -1.302532695420616227e+00 -9.420783150444374254e-02 5.241995984438214684e-01 1.196483658710609355e+00 2.385459927086005294e+00
-9.361027303243729669e-01 -9.693092589882963406e-01 5.177896000902306728e-01 -2.168231807329207061e+00 1.559836245342631322e+00 9.733744699426825076e-01 -9.420783150444374254e-02 5.241995984438214684e-01 1.196483658710609355e+00 2.385459927086005294e+00
2.037653126616035260e-01 1.031662486174678151e+00 1.245642272100373704e+00 -1.872891615196826010e+00 1.225258454340791614e+00 5.567163533399801523e-01 -9.420783150444374254e-02 5.241995984438214684e-01 1.196483658710609355e+00 2.385459927086005294e+00
2.894246477323783040e-01 -9.693092589882963406e-01 -8.594678010974261539e-01 -1.338769096024721161e-01 1.225258454340791614e+00 9.733744699426825076e-01 -1.002965514031108674e+00 5.241995984438214684e-01 1.196483658710609355e+00 1.102646057072829588e+00
2.037653126616035260e-01 -9.693092589882963406e-01 1.245642272100373704e+00 -1.338769096024721161e-01 3.081988245518028080e+00 9.733744699426825076e-01 -9.420783150444374254e-02 5.241995984438214684e-01 1.196483658710609355e+00 -3.996579752057329848e-01
2.037653126616035260e-01 -9.693092589882963406e-01 5.893501820330808716e-01 -2.306370560017967808e+00 1.225258454340791614e+00 7.166905163500718601e-01 -5.514366783029336361e-01 5.106790470138595772e-01 1.196483658710609355e+00 1.282877545795697571e+00
