-3.449872230313122401e-02 -9.693092589882963406e-01 -8.813902180680996956e-01 -1.338769096024721161e-01 1.225258454340791614e+00 9.733744699426825076e-01 -9.420783150444374254e-02 5.241995984438214684e-01 1.196483658710609355e+00 2.385459927086005294e+00
2.037653126616035260e-01 -9.693092589882963406e-01 -1.155793400940148707e+00 -1.338769096024721161e-01 1.225258454340791614e+00 9.733744699426825076e-01 -9.420783150444374254e-02 5.241995984438214684e-01 1.196483658710609355e+00 2.385459927086005294e+00
2.037653126616035260e-01 -9.693092589882963406e-01 -3.950745642250714784e-01 -1.338769096024721161e-01 1.225258454340791614e+00 9.733744699426825076e-01 -9.420783150444374254e-02 -2.204943519069255675e-01 1.196483658710609355e+00 2.385459927086005294e+00
2.037653126616035260e-01 -9.693092589882963406e-01 1.245642272100373704e+00 -1.338769096024721161e-01 1.225258454340791614e+00 9.733744699426825076e-01 -9.420783150444374254e-02 5.241995984438214684e-01 -1.568434614168680907e+00 2.385459927086005294e+00
2.037653126616035260e-01 -9.693092589882963406e-01 1.230719278870372912e+00 -1.338769096024721161e-01 1.225258454340791614e+00 9.733744699426825076e-01 -9.420783150444374254e-02 5.241995984438214684e-01 -1.645758258090468384e+00 2.385459927086005294e+00
-9.992219995435220881e-01 -9.693092589882963406e-01 1.245642272100373704e+00 -1.338769096024721161e-01 1.225258454340791614e+00 9.733744699426825076e-01 5.659288314306643031e-02 5.241995984438214684e-01 -5.889520553652256574e-01 2.385459927086005294e+00
2.037653126616035260e-01 -9.693092589882963406e-01 1.245642272100373704e+00 -1.456364240088011464e+00 1.153661238562078584e+00 2.216036472165473281e+00 -9.420783150444374254e-02 5.241995984438214684e-01 4.261199201281593574e-01 2.385459927086005294e+00
2.037653126616035260e-01 -9.693092589882963406e-01 1.245642272100373704e+00 -1.338769096024721161e-01 1.225258454340791614e+00 1.354517333016791447e+00 -9.420783150444374254e-02 -3.393543456539771519e-02 -1.485386589371046728e+00 2.385459927086005294e+00
2.037653126616035260e-01 -9.693092589882963406e-01 1.245642272100373704e+00 -1.484439459744743228e+00 2.619652130708683302e+00 9.733744699426825076e-01 -9.420783150444374254e-02 5.241995984438214684e-01 1.054766804207769582e-01 2.005008344296882683e+00
2.037653126616035260e-01 -9.693092589882963406e-01 1.245642272100373704e+00 -1.487158173726918609e+00 1.225258454340791614e+00 9.733744699426825076e-01 2.532555297545228346e+00 5.241995984438214684e-01 1.196483658710609355e+00 2.385459927086005294e+00
