-4.530586606218475754e-01 -2.098132298561307607e+01 -4.036158359440117493e+01 -2.619709909120443569e+01 1.112279982091521013e+01 4.197809039831707167e+00 -2.022295448271891338e+00 1.755779919330582572e+01 1.070949848268051952e+01 -7.739711740297940068e+00
6.724764193650164756e+00 2.310767006288569547e+01 5.571245772572628319e+00 -9.266583158961690714e+00 -7.132214150824527366e+00 3.452799385674176769e+00 2.914327283639287502e-01 -1.306656239733731972e+01 -5.014900671000771837e+01 -2.391406974784602291e+00
-3.353919742507251556e+00 2.327937024152669565e+01 8.669900092323860719e+00 -7.494050081509070260e+00 -4.576161208617317300e+01 1.979593463114311547e+01 1.184398832868376550e+00 7.244641117853561241e+00 5.316508165882212467e+01 -3.376413146664216658e-01
-7.198228835928719427e-01 -2.546336802585821601e+01 4.600149241202379358e+01 2.927473705610862353e+01 -8.518300161971062323e+00 -1.922584374484895520e+01 -5.350270139147139670e-01 1.985839278884425596e+01 5.222451433037166879e+01 4.891790159476320454e+00
1.184120133431218802e+00 -2.392514597859815240e+01 7.734184491987452503e+00 -7.627399396148251576e+00 -4.435300761751189924e+01 1.958071625702257279e+01 -8.569674389037296169e-01 2.307224598472156529e+01 1.042728126220196572e+01 7.724940041173089078e+00
4.023152967734539232e+00 2.324209196122620469e+01 8.655004664419280402e+00 -8.446266383559159152e+00 -7.422816312761561619e+00 4.770113185853434246e+00 1.211276513632271179e+00 -1.330374215637660207e+01 -4.969589686012850649e+01 -4.499205722716411726e-01
-2.883467294857681384e+00 -2.387269456789190514e+01 -1.219373333306835860e+01 4.874126189516221785e+00 -1.002053472784767152e+01 1.910021902504486846e+01 6.735539642694782225e-01 3.707250435216749018e+00 1.222478185454395572e+01 9.113643553794537056e+00
2.054302749469109735e+00 -2.351033516834397119e+01 4.721011532522401666e+01 7.071905239425368528e+00 -4.659075792305890218e+01 2.173005764193946021e+01 1.237961482510173683e+00 1.782093072982478077e+01 5.388891000789003982e+01 6.337919733338338801e+00
3.733938753755459139e+00 2.177337996843083090e+01 4.587971654603568794e+01 2.679845361558913197e+01 1.129214260227881894e+01 -1.978860051139838561e+01 -7.384670178780387007e-01 -1.381530332532142502e+01 -1.542747030959863785e+01 -8.207897666884612420e+00
1.723701128625198198e+00 2.279715849353117108e+01 4.625102623063809659e+01 -9.107097697334916475e+00 -4.666792044678677343e+01 1.898430528630344583e+01 1.128434676962150718e+00 2.130271294368062840e+01 5.551670405042654721e+01 1.230789453947548129e+00
-2.222372753048751814e+00 -2.350993663223435703e+01 4.671363239079853003e+01 2.894064618887773932e+01 -9.694066862503069260e+00 4.177976458755351175e+00 1.370286008099625974e+00 1.027366922068623545e+01 1.092880849126949627e+01 9.682804910720359537e-01
1.083218499987106842e+00 2.175849295910015258e+01 -1.570470704523445171e+01 -2.679255325813383593e+01 3.951281120664697966e+01 -4.988790926158979566e+00 -1.394189231814063797e-02 2.139267654904258187e+00 -1.736102124394706792e+01 -3.142272576637563652e-01
2.330910050732032113e-01 -2.156266115480758927e+01 -3.730799642097108659e+01 -2.502471393636841057e+01 9.689951797621406016e+00 3.758275899010882437e+00 -6.538859384790185469e-01 8.621389350715922717e+00 9.513369265244394413e+00 5.987667158207331752e+00
-1.404714620377668144e+00 2.493854555961111785e+01 -3.704544421509523744e+01 -2.376872261454816737e+01 -8.444639462185396184e+00 2.887992179364347933e+00 -1.557950268969723551e+00 -5.063944074159637543e-01 -4.668988385049572543e+01 -1.032238612971233982e+00
-1.167706755314711131e+00 2.118182211423027184e+01 -3.797980312488916610e+01 5.313036300472319340e+00 1.139122567946722597e+01 -1.952685357201344019e+01 4.899524851830150407e-01 -1.473812862196352924e+01 1.046875144149536396e+01 -5.606884404210061845e-01
2.107697717346288080e+00 2.477965138297768988e+01 5.284589730339382285e+00 -7.365214717934493116e+00 -8.147957336645420767e+00 2.085550027163406650e+00 1.062470837966255743e+00 -1.199377731216712917e+01 -4.720612377552075856e+01 -3.708584141647162546e+00
-7.136370901182971238e-01 2.289992078154193678e+01 4.571348417604487224e+01 6.785835906737920808e+00 -4.475793902492905119e+01 1.714875975983277101e+01 -9.120012859322670362e-01 5.319755769262529022e+00 5.150845428994603026e+01 3.261893345447363757e+00
2.082282456668397952e+00 2.341412190517709035e+01 4.487984759199264317e+01 -2.784151593175004891e+01 1.173080403562749652e+01 -2.168512209703149729e+00 4.496805628248216058e-01 -2.551277760916804915e+00 -1.589117551392457806e+01 -3.071286142502578809e+00
-1.503008759104911274e+00 2.415681664383769345e+01 4.703229316285264616e+01 6.755528890832133371e+00 -4.482487708101758983e+01 1.807891905017937262e+01 -1.789414001254210129e+00 7.404854657098354664e+00 5.221988586189852555e+01 2.023094227668527534e+00
1.970900779233870415e+00 -2.466124969086976648e+01 -1.439785526260887316e+01 7.604841355432917283e+00 -4.361084892085850839e+01 1.783688264458800177e+01 -9.209027517547716535e-01 5.950645719607385864e+00 1.097625710133757870e+01 8.137810780178506675e+00
-3.161545000451232657e+00 2.330445102548969061e+01 -3.586115963812083152e+01 -2.560748084834337135e+01 1.070504989126415119e+01 -3.966939542329019019e+00 -1.527114265038377772e+00 -1.326573012307150634e+01 -4.714124158875361559e+01 -6.322808695493452369e+00
-1.819555621828792713e+00 2.432731642053892074e+01 -3.823848526656617963e+01 -2.410194851417326944e+01 3.984860056132315265e+01 -1.583563198467671285e+01 3.938082367805319506e-01 -1.403585424008859484e+01 -4.807233511396277237e+01 -6.234683194329822875e+00
3.954637268601477018e+00 -2.381895167180432082e+01 -1.457292376755864005e+01 8.519134329970205144e+00 3.878451128110629753e+01 -5.319216380740606986e+00 9.622001753838835825e-01 4.870720325539457662e-01 -1.607863771433544287e+01 1.611259756623414918e-01
7.839544546075576381e-01 2.479007047043509360e+01 -1.672247782873714073e+01 -8.840272066812872254e+00 4.144429815696776842e+01 -1.847031813531758360e+01 1.331873055324721333e+00 -1.445341880761381859e+01 -4.603590493757471336e+01 -4.602124869663476225e+00
-2.186381482235405738e+00 2.484389235885351610e+01 6.104541561325318888e+00 2.873167653314016334e+01 -6.106709547316358844e+00 -5.539355895209291170e+00 -3.279900078174761702e-01 -1.409202844208250482e+01 5.186249563147365649e+01 -2.427703277901604118e+00
-3.257701982678931518e+00 2.609994860345301504e+01 -3.722726370177080213e+01 -2.667896571761055213e+01 -7.944960248670563274e+00 3.380242274769922339e+00 1.786950720724154618e+00 -1.002158809064480904e-01 -4.968463187159510852e+01 -1.630654155536913175e+00
1.660035102417874775e+00 2.357572282649624995e+01 -3.713932924560696591e+01 -2.474016507950626931e+01 4.177191522058984674e+01 -1.766273595202226332e+01 -9.148274087824871670e-02 -1.416456223969992223e+01 -4.908945927708789014e+01 -7.948376188457142888e+00
-1.770360561163103197e-01 2.479360681253907117e+01 -1.414047911934067869e+01 -2.757145071406746339e+01 3.887786258420074859e+01 -6.025581065318223573e+00 -1.860139511308978921e+00 -1.385994276223729216e+01 -4.875956787607064769e+01 -5.828123216943283502e+00
-3.959338067476284362e+00 -2.524005829050836525e+01 -1.611608503656922053e+01 4.138796138516446455e+00 -4.858538917006951863e+01 1.950644165542143327e+01 -1.501865619310593258e+00 -5.142992862941104804e-01 9.450704200396760513e+00 -5.998153093277318604e+00
3.153870627738252441e+00 2.452149442334101082e+01 4.499821051631749924e+01 -2.364250503152876348e+01 1.041323332292290260e+01 -5.683318250419661766e+00 -3.371330039330547867e-01 6.190689133987349102e+00 1.092624054370180886e+01 2.708180022160661782e+00
1.365386382615747962e+00 2.532382149510580049e+01 5.753038223760290393e+00 -2.504637863362986039e+01 4.010968456503837132e+01 -1.755700414769464146e+01 7.144657841675107202e-01 1.290978026277746826e+00 -1.506985289054981081e+01 -4.581374357135914011e+00
1.407947566505461490e+00 -2.265574529949510207e+01 -1.507429448301487973e+01 -2.596062347889480648e+01 4.150935239264776300e+01 -1.718504276904918626e+01 1.555856202702770474e+00 -1.247445488465604058e+01 -1.465542132411675169e+01 1.397156884103854191e+00
-1.177089358939027441e+00 2.367330445030582808e+01 6.197025709294144313e+00 -2.697883285374279438e+01 4.021912487777130707e+01 -1.884114990303108073e+01 -4.709882165305114832e-01 -3.966962731222823391e-01 -1.413137309188804025e+01 -7.996329419832719942e+00
-1.632979028190674753e-01 -2.329589245308646284e+01 -1.229154046018378033e+01 6.789306707023424536e+00 1.239353564208006198e+01 -5.676267465889957009e+00 2.023807726708199139e-01 -1.184671022806749541e+01 -1.759728750362872773e+01 -1.614960314544309661e+00
4.645269444678371329e+00 -2.361632584393248280e+01 -1.415130598003035800e+01 6.683072240054929836e+00 4.222366403332451057e+01 -5.051253413744174914e+00 -4.585229368635220792e-01 1.449453018634686119e+00 -1.574962441198467111e+01 1.482749924825933263e+00
9.012720481886725699e-01 -2.633940898376269857e+01 -1.376465270961282350e+01 6.047680610765327813e+00 -4.434346695058691523e+01 2.028211438061242333e+01 5.440857403478214227e-01 -3.689296468699366227e-01 1.135687576365889484e+01 -5.658049442460067802e+00
4.971374398363784253e-01 2.344810654384022897e+01 5.876834404600271178e+00 2.868861964486189464e+01 -8.316143506867614832e+00 -5.798556724383131744e+00 3.938146192038571858e-01 -1.624023385994332713e+01 5.173781934959519191e+01 -1.620691960494442529e+00
-2.511699630811924600e+00 2.474036722536239807e+01 4.756734682240949752e+01 2.858699227500320461e+01 -4.548695015557091637e+01 2.072555535601389209e+01 -9.393128514738036117e-01 -2.990300354492705370e-01 5.343765972431836531e+01 8.490989390527756697e+00
-4.736238212793250746e+00 2.275576454148141536e+01 -3.861949369692063527e+01 -2.513172870169693951e+01 1.040756617078632651e+01 -4.737935796888048223e+00 -9.245133644281551266e-01 -1.492529388519334077e+01 -4.995211604709098907e+01 -5.523246125931118300e+00
2.139311056575371683e+00 2.432789408994358027e+01 -3.741099608305012225e+01 -2.426741150357300469e+01 3.806467866811208722e+01 -1.929166925697265356e+01 1.557660478610904953e-01 -1.558160708807259454e+01 -4.910874699334883076e+01 -6.742992804810675089e+00
-3.399160302704768988e+00 -2.420317897633167448e+01 4.499345765849908219e+01 2.840508196972245614e+01 -9.445206532639009112e+00 4.415768642682453837e+00 3.005023360162161872e+00 5.830148085445321371e+00 1.016261078534267348e+01 3.614215186508744626e+00
3.475472697884744444e-01 2.291190132928928236e+01 -3.632211640079738402e+01 -2.237946716759998722e+01 -8.537897038007866257e+00 5.293788961313947716e-01 2.846209735401329599e+00 1.417799296461907499e+00 -1.488887729315881536e+01 -6.689043039515464528e+00
1.556000716856328348e-01 2.207312232582345857e+01 -1.384309905049404854e+01 -2.396495243030910416e+01 -6.752863503627776431e+00 -5.604718536385036032e+00 1.206921862221646213e+00 -1.475988560467159871e+01 -4.691485784982648255e+01 8.155139005007052688e+00
2.229745036336531427e+00 2.345393207616729114e+01 -3.767167710037062989e+01 -2.484781072912470279e+01 4.128244478777835269e+01 -1.793022730877229520e+01 1.824963107501806681e+00 -1.520171200773894427e+01 -4.860729281008759273e+01 -5.485852000555016872e+00
2.179331852800850289e+00 -2.320897376609762830e+01 -1.364635017083517354e+01 -7.351657378543046129e+00 -4.696635188008867345e+01 1.911089633424031575e+01 -8.890366465757084669e-01 7.921082860079627253e+00 8.482869070233345354e+00 2.157789713450787961e+00
-1.731327016552673514e+00 -2.351974961877161263e+01 -1.193936104581615076e+01 3.682522810006650715e+00 -4.482443613090372025e+01 1.849099502109399751e+01 1.040546259155642250e+00 4.002051173535247086e-01 1.151007356436280382e+01 -6.078548399347114994e+00
7.881701934817120225e-01 -2.165156483598181225e+01 -3.923761513029985792e+01 -2.549319867411023921e+01 1.023991551523197430e+01 2.719134332467599169e+00 9.970764152707450867e-02 1.877540954843333054e+01 1.083433114269744912e+01 -7.852291603771393902e+00
2.036461239938523349e+00 2.324305953939770220e+01 -3.966112635663536423e+01 -7.547202217240603694e+00 -6.979731525022351946e+00 4.454407729413276229e+00 5.884075165215933989e-01 -1.159415442063846768e+01 -1.647793917391307872e+01 2.628258664760290131e+00
8.527096415644923322e-02 2.215548523360874000e+01 -1.350649909471016308e+01 -2.830764392725385292e+01 -7.689192307900554191e+00 -5.878494463852952379e-01 5.881656565458985853e-01 -1.860498004890080992e+00 -1.385969470985625129e+01 -6.135340996739698127e+00
-3.951085124767953261e+00 2.152272298578583332e+01 6.980539060667185325e+00 -2.260870717494485760e+01 -4.541438161523335282e+01 1.699176936726269105e+01 5.966873488576196483e-01 7.004725348436829258e+00 1.255625261744974175e+01 1.444546260181602149e+00
