-2.249366958050533327e+00 -1.698635114846742766e+01 -2.514926656402709426e+01 -1.361548826499974929e+01 -1.945986643047176390e+00 3.809492450286423582e-01 1.599875982931750507e+01 1.983544864220737125e+01 5.940431590061362677e+00 -8.230278902594566404e+00
-2.182895202678609259e+00 1.820577455441273074e+01 2.975470383541240604e+00 -5.511511040034427822e+00 1.356396842503221865e-02 -4.398061589042359665e-02 -2.938727099762089789e+00 -1.383164287499927525e+01 -2.492195698354106526e+01 -2.912712847357036949e+00
4.595236451629897800e+00 1.650763664240202644e+01 2.467575359178657557e+00 -6.629219994391781334e+00 4.952871142899180512e+00 1.224991629346027899e+00 -1.024592251809340882e+00 3.230806005809898185e+00 2.848599249505809539e+01 -2.097090584790981982e+00
1.708561845160399884e+00 -1.806084673206060742e+01 3.378563504150402963e+01 1.838597576509838305e+01 1.053414145604642249e-01 -5.906012508181016640e-01 1.493116080020794456e+01 1.933241170265062081e+01 2.960980342240033281e+01 1.037974708554896708e+01
1.851237881490334081e+00 -1.637638105128626975e+01 3.095901559400904279e+00 -5.022118826725650464e+00 3.239832316688772806e+00 1.778991576872576141e+00 1.322651639035718674e+01 1.568134440704046639e+01 5.743388221550148387e+00 1.004730551697858232e+01
-3.889381438640680866e+00 1.997584034356183835e+01 2.376650581206920521e+00 -5.701036987768346442e+00 3.064526149127501653e-01 -7.523294396819556473e-01 -3.003868481399251333e+00 -1.266472595302047921e+01 -2.522345568438050734e+01 -1.844534945844215956e+00
6.371464215041882539e+00 -1.900364895907267382e+01 -1.249995716236426979e+01 2.366414937103395566e+00 9.383582131256461567e-01 2.050548382303366779e+00 4.834387439431496070e+00 7.180633567717694454e+00 4.209900306679490001e+00 1.282453493014452484e+01
-3.400132400295105661e+00 -1.747222179641598672e+01 3.415734548818317506e+01 3.449243196318990012e+00 3.403775563932845749e+00 -3.253932766701075202e-02 1.454809842221244587e+01 2.020672559768643595e+01 2.953144227361173790e+01 1.128064289743839232e+01
-2.341627067131509143e+00 1.744011628821754911e+01 3.380449319227201954e+01 1.725338520458867464e+01 -1.275839857389785559e+00 5.742658128611163315e-01 -1.696213607398650014e+00 -1.343013980094544912e+01 -8.326920580583241360e+00 -8.836842034778545241e+00
-3.564523952312977695e+00 1.778790545784715604e+01 3.445345828896503093e+01 -6.531234946279437459e+00 9.385230553169325862e-01 5.284290360424105382e-01 6.770027044954664674e+00 2.140568328262131459e+01 2.889395032307565003e+01 1.309904677948069862e+00
4.805556811129672035e+00 -1.805645279286769878e+01 3.381336305664801500e+01 1.886179387340464331e+01 -3.197247699308826130e-01 -1.007926048376371897e+00 4.949848757802835841e+00 6.240459642673110707e+00 6.227347932858989132e+00 6.734049138752249419e-01
-2.435708730071483696e+00 1.692167996422669418e+01 -1.180382592681877618e+01 -1.336673468403861875e+01 -2.356917973307814496e+00 -1.703234659595781908e+00 6.884336796035528394e+00 -4.117649394506667920e-02 -9.214326689793335134e+00 -2.279875142968336377e+00
4.586023066657016756e+00 -1.764954280207691184e+01 -2.462389001326337734e+01 -1.393652269833494195e+01 4.815847682108967409e-01 -2.614611254380951877e+00 1.399942510516285488e+01 4.762253112963201751e+00 5.700479646600998151e+00 1.302787172734593035e+01
5.223107356719102867e+00 1.873438936913689190e+01 -2.439296417757639546e+01 -1.510780701723304809e+01 5.336252668893901596e-01 -7.343569758080294996e-01 -1.635998667277121044e+01 -2.390069537567072633e+00 -2.493805572875887933e+01 -2.382404357919885918e+00
1.295251048021993201e+00 1.749165754164094366e+01 -2.327949370658512152e+01 2.276004428824855541e+00 -1.061181778990707425e+00 8.413561669665644560e-01 -1.661251555396698265e+01 -1.229511316721001357e+01 6.204907056495683193e+00 1.146483473228594452e+00
-2.145297782964218580e+00 1.734696018525739092e+01 1.841509120430878887e+00 -6.502992458012281318e+00 1.155336482814885768e+00 -6.075759049010672763e-01 -1.023846018997847107e+00 -1.319702320098067538e+01 -2.324773536948800512e+01 -1.884872974040898486e+00
-2.744843825912620106e-01 1.689719652988126697e+01 3.207202684249882907e+01 2.961236063433117849e+00 4.198946234579890913e+00 1.359313826167859895e+00 -1.600650898096220187e+00 5.453019690233902317e+00 2.807417908169975007e+01 1.422306161832452620e+00
-4.202451429215185996e+00 1.846320565890095367e+01 3.273904709747483111e+01 -1.574533238255037659e+01 -1.578986801439764109e+00 -2.440345917045332325e+00 -2.447153374227335476e+00 -1.440579282420530793e+00 -8.044014446661584827e+00 -2.918867624735239641e+00
1.027849130032509439e+00 1.866569204219251787e+01 3.126831832632630181e+01 1.660801479930637869e+00 3.180724203284353901e+00 1.925113079852550202e+00 -3.047659068670916516e-01 5.630544529385528740e+00 2.816645295788991277e+01 2.103913515113481125e+00
-3.073222855765611161e+00 -1.546990218346145518e+01 -1.116224595088598903e+01 4.520669172988746709e+00 3.110448085741866819e+00 1.821092513906665378e+00 5.175482292995782885e+00 6.672365114196714408e+00 6.393053384189959942e+00 1.220989850146155220e+01
5.310172263040239038e+00 1.702485710008189201e+01 -2.596064067071172232e+01 -1.458836719443955587e+01 -6.569839022814590868e-01 -1.170089471042885299e+00 -1.875712417308418622e+01 -1.284243867404034845e+01 -2.459188804093346548e+01 -8.771591117332853571e+00
-2.934215012950527335e+00 1.930625349898029341e+01 -2.406311777971271937e+01 -1.358731161472949367e+01 -2.324833226363996364e+00 -1.194637794508859319e+00 -1.940118623646653884e+00 -1.338201111311001945e+01 -2.243340631517338224e+01 -9.075225134154448980e+00
-2.469344055597328946e+00 -1.752173156665765319e+01 -9.728086183763320349e+00 2.376754891834881978e+00 -2.035803708871570805e+00 -1.959291594191113539e+00 6.653243498742899220e+00 -1.566710457256109690e+00 -9.157069894119002740e+00 -6.748520799594399655e-01
-4.112591054262467516e+00 1.843699994838947731e+01 -1.093996392767616754e+01 -6.123594362566992189e+00 -8.744329977118988628e-01 -1.991572498058977514e+00 -3.337380228513104008e+00 -1.206571093231402614e+01 -2.275575776066244060e+01 -9.510944645805290421e+00
1.052826847540518695e+00 1.647999684605664328e+01 1.947376225334126687e+00 1.720363974417297470e+01 1.158098906505025782e+00 -9.126829381670757690e-02 -1.901711901154863327e+01 -1.223413045335370342e+01 3.054918260692060272e+01 -3.110040338330674281e+00
4.782400009767114213e+00 1.878001980777925439e+01 -2.333160668547814254e+01 -1.326791579865240145e+01 -4.547856764461954415e-01 -1.795083295833011183e+00 -1.740189213849327388e+01 -8.432761122714015067e-02 -2.518976149899539507e+01 -2.984252072481825113e+00
-2.488426303627831349e+00 1.864446566864587140e+01 -2.260502053354781182e+01 -1.312951704592626889e+01 -1.275510513440387017e+00 4.729129129714986224e-01 -1.849624445206712053e+01 -1.247043468106217645e+01 -2.331245662651939199e+01 -7.434723905970791691e+00
-4.260890744813485398e+00 1.773031525376684669e+01 -1.128673154877715668e+01 -1.497791290715391455e+01 -5.398733211900020867e-01 -5.996155706292316534e-01 -2.617645566525809375e+00 -1.307043871926113709e+01 -2.358662286371298933e+01 -7.705727232375078728e+00
1.391812521756072396e+00 -1.794519930001933261e+01 -1.122173385391342570e+01 1.807358270227871433e+00 4.264815778468926233e+00 1.776711454593283390e+00 -1.717859962985535560e+01 -7.490117792942464492e-01 5.698771999321786019e+00 -9.504759137881936937e+00
-3.550557908954737218e+00 1.953156446332297236e+01 3.464838553738800897e+01 -1.447884860293249076e+01 -2.030680250744170579e+00 6.819520246768581706e-02 1.419155858211497900e+01 5.623629797646110262e+00 5.055973025665649878e+00 5.379826004495229519e-01
2.177716572474057699e+00 1.902345725487383632e+01 2.115178351510034638e+00 -1.557178007730345293e+01 -2.753404575446521729e+00 -6.501244924134939041e-01 5.386437660074524736e+00 -1.616606903122032035e+00 -1.002803748529875172e+01 -7.691980814864829874e+00
6.340595932438120919e+00 -1.899612415095333517e+01 -1.141230000853722260e+01 -1.482902202154031990e+01 -2.017809507703248073e+00 9.818900575666766883e-01 -3.430556245030342843e+00 -1.316477264374200651e+01 -1.023537977279682920e+01 5.809339417814680662e-01
9.094610321340187431e-01 1.703703732616553168e+01 2.370692676502934138e+00 -1.518861658552746441e+01 -3.063976125510845527e+00 -7.582942216655796930e-01 5.003519747836527642e+00 4.895552667630424098e-02 -8.986818777297875371e+00 -9.389841349621770306e+00
-1.417054409453886388e+00 -1.822426544037956120e+01 -1.122983100935540079e+01 3.159116265774403853e+00 -6.011929624974837738e-01 -5.802394700179084319e-01 -1.864505662134829045e+00 -1.223129756323048412e+01 -9.644989027801695869e+00 -4.884847134311816608e-01
-4.220118089575041864e+00 -1.780916861855061484e+01 -1.182905893223238003e+01 4.260085598733916790e+00 -1.863742340999220870e+00 -1.307134032446382266e+00 6.942115033959608716e+00 -2.235964911989497761e+00 -9.694122841031362015e+00 1.410761990540476907e+00
1.612574429267769283e+00 -1.730195231810311540e+01 -1.284551792493731348e+01 1.780552464202718177e+00 3.212494501856926199e+00 3.856666863459631278e-01 -1.635345119926317281e+01 -2.471945089693318998e-01 5.455661508092067180e+00 -7.777176216281990406e+00
1.800898020093695484e+00 1.857205822956053964e+01 3.405620979059092335e+00 1.825876725559601255e+01 -6.244482962137719584e-01 3.290021988095669925e-01 -1.725275873044036246e+01 -1.370993851494933224e+01 2.708584097516240874e+01 -5.282031853940257093e+00
4.033778866338602498e+00 1.743902216684659123e+01 3.313705423492773861e+01 1.954683083056266568e+01 3.545708694366407787e+00 6.653009874610238406e-01 -2.135531139058872707e+00 -1.944082811351728113e+00 2.951384406427571250e+01 1.169563585133673378e+01
3.623504253162586952e+00 1.768185881250242986e+01 -2.408769813866061682e+01 -1.536216746613049366e+01 4.861065561245579980e-01 7.338278002760327545e-02 -1.860837451957496924e+01 -1.087530846546046881e+01 -2.346727672865260672e+01 -8.816373361220668059e+00
-2.686419321358937573e+00 1.825483578340605817e+01 -2.519598976126531653e+01 -1.256036641166115153e+01 -2.393863214866109868e+00 -1.003733626763037456e+00 -1.814016284809041579e+01 -1.273625966386232378e+01 -2.417252511986951191e+01 -9.145524744010016249e+00
5.998616543253914024e+00 -1.842645171603465570e+01 3.539098582471994803e+01 1.729367880379218292e+01 1.723346731428900824e+00 -2.447536036826256367e-01 6.927125444896866213e+00 6.607245780602789331e+00 5.860863262515728422e+00 2.643730697147725905e+00
-1.505628084615906248e+00 1.864721179818949537e+01 -2.399400689884772220e+01 -1.383866510347705692e+01 1.394493645061252174e+00 -1.244712982416591895e+00 -1.936457919718593379e+00 7.167837075237007971e-01 -9.698203020028165255e+00 -7.779029212662016413e+00
2.034475814241957503e-01 1.839430151037765526e+01 -1.198562882454331024e+01 -1.364918067799659696e+01 -1.010402966479187203e-01 3.217851337456074101e-01 -1.786501459981952422e+01 -1.249146356570751770e+01 -2.413901590057422553e+01 1.043264530101598275e+01
-1.894933626100418378e+00 1.926054541756321115e+01 -2.467993927498958229e+01 -1.287883583816843824e+01 -2.112340762071482914e+00 -2.757510450945446778e-01 -1.684098502199017489e+01 -1.110160266021086706e+01 -2.570765261956380243e+01 -8.498693763109269383e+00
-1.239497029074362988e+00 -1.943890366947609039e+01 -1.255342286615708502e+01 -5.554221831963151779e+00 1.918235119797208732e+00 -2.101792183977321260e-01 3.759225109673348442e+00 6.098574434536058853e+00 5.937415350402508452e+00 2.408171163595957065e+00
8.004766640639018327e-01 -1.609159626689271505e+01 -1.216323273491567036e+01 1.072135089398059682e+00 3.126395566272768267e+00 7.879587477986393917e-01 -1.799782144567075548e+01 -1.081369251642458673e+00 3.617404877353859405e+00 -8.952381650383767209e+00
-3.893996573641161696e+00 -1.884924918824791362e+01 -2.275873259694067485e+01 -1.484195738839262368e+01 -1.465944897434094951e+00 -1.367502232416006325e-01 1.336167056016400956e+01 1.849849353060928081e+01 5.499563416420079953e+00 -8.307867302003604237e+00
-3.527066266059234234e+00 1.876919963869621100e+01 -2.470263773428621334e+01 -5.464726949246982102e+00 -2.340497443018152435e-01 -4.761110012668938740e-01 -1.875002825983014265e+00 -1.331029539315303545e+01 -9.576297282351360352e+00 1.815555842749940751e+00
-2.604425913138309845e+00 1.750941509045767930e+01 -1.187616398600283141e+01 -1.304351881871508390e+01 3.299815547791966619e-01 -1.101158205279254565e+00 -3.476592212049309238e-01 -2.968647474069754932e-02 -1.039624823891755590e+01 -8.980421509385431378e+00
5.045901610435485907e+00 1.672726478419961182e+01 7.611686558793013813e-01 -1.386067715736525940e+01 2.162786191951672876e+00 1.245707018682953526e+00 -3.050770969407464062e+00 5.195991519212571852e+00 4.704087728661572321e+00 1.200577074887537066e+00
