-4.249656560548991990e+00 -4.863164991012804528e+00 -9.763405970884694085e+00 -8.084068710897607701e+00 -1.086215898685651549e-01 -1.862762651319381790e+00 8.997026903231713391e+00 2.697086612487477808e+01 -4.672574441488282382e+00 -5.653064221466924444e+00
9.725317254938017797e+00 2.972067305747521093e+00 -7.015087415129593218e+00 -4.828281877680407952e+00 -8.033468066783108208e-01 -3.001115263331989524e+00 -6.954967319126126313e+00 -1.017899990271906319e+01 -8.568762954631559126e+00 -8.021830876324278492e+00
1.127811862296606016e+00 4.450965781134037513e+00 -8.742864202757601788e+00 -5.856996410993239088e+00 1.681970418417484847e+00 8.477416505040656247e+00 -2.780706537648093946e+00 4.360665206031744567e+00 2.442832030380558450e+01 -7.017304402141617103e+00
-5.296249490865346132e+00 -2.328847471144993353e+00 2.812568260927936947e+01 2.002692256977104890e+01 7.395566199169696375e-01 -2.141756683254362414e+00 9.288799456499312157e+00 2.515654765912409374e+01 2.296084050161259071e+01 3.003959535965017835e+01
-6.190476316905678011e+00 -5.442215265385428324e+00 -9.164737738970162084e+00 -3.919593589481163320e+00 5.158447873008684681e-01 1.212284761410337453e+01 7.457693400999757749e+00 2.413770048481408992e+01 -6.061422898940656445e+00 2.576425458580991901e+01
1.178186432051112575e+01 4.361803213165483584e+00 -9.276348001295701806e+00 -6.459557806900908083e+00 -7.513184662171030759e-01 -3.318325973623728053e+00 -3.444603385684420260e+00 -9.167409138117760037e+00 -8.661746013348189166e+00 -8.964923515797956100e+00
4.248492692328119880e+00 -2.519051201842029464e+00 -8.492797434814974622e+00 -5.627702017376171817e+00 -1.148162364437314231e+00 9.285316186421352924e+00 1.220389201088109971e-01 3.143781055358374044e+00 -5.985374025537393727e+00 2.703044288679598495e+01
-5.839120909292351946e+00 -3.325820352460431728e+00 2.684132618785211122e+01 -4.514627241932162249e+00 -5.808921504697664995e-01 8.514825490520447460e+00 7.829457034572928187e+00 2.410789444161399686e+01 2.393854984574644362e+01 2.993380746785494395e+01
1.165902942452598801e+01 2.317925001180346278e+00 3.159330045576334101e+01 1.913587994381024870e+01 -1.349286529172298854e+00 -3.669521061468509870e+00 -5.658099926703393123e+00 -9.058251346297582884e+00 -8.730047668035334496e+00 -9.293847439870187799e+00
-5.466556188618297618e+00 2.178251246132006269e+00 2.817259872759379036e+01 -6.886939651643424476e+00 1.225975347838461627e+00 1.194538589786328586e+01 2.505056869677639853e+00 2.652686801228135494e+01 2.219918985954800661e+01 -8.725693487247642821e+00
6.798403621089495807e+00 -5.709943382065234552e+00 2.939654983268156130e+01 1.722401951194151692e+01 1.364279249467574617e+00 -3.464950040369246143e+00 9.586976055464260238e-01 3.626695714296408912e+00 -5.911029359198972877e+00 -1.167872442831276203e+01
1.034555413484423703e+01 3.977408183966270272e+00 -1.026162712666238619e+01 -7.811656597635119326e+00 -5.686048421141421949e-01 -5.428819965090300848e+00 2.139066272510206534e+00 -7.941291075926574017e+00 -8.403885832253671140e+00 -9.791655953309343019e+00
1.618895322225139211e+00 -5.131340171591694421e+00 -1.014478029842676143e+01 -5.472070405382376990e+00 9.160276595046665804e-01 -1.442327697039253342e+00 1.005836099161048303e+01 4.221936758237703202e+00 -6.459290391300729794e+00 2.771913617936143481e+01
1.634572790651295016e+00 4.021521632280637526e+00 -1.040032200703994114e+01 -7.096300416165850500e+00 9.382147044925325252e-01 -1.268824918000381219e+00 -7.155040950243046538e+00 -8.067643946541245725e+00 -1.033391603733696940e+01 -9.491485038699437382e+00
-9.558296895766735801e+00 2.408933926174038120e+00 -9.542654614861731943e+00 -5.437200589267273010e+00 9.555106648615436793e-01 -3.425787110808149905e+00 -5.300778840874693643e+00 -7.564146537126214653e+00 -5.313025593645842370e+00 -9.563474844465256197e+00
1.023790850230213501e+01 3.278478568531272952e+00 -8.427298746307567257e+00 -5.254628767915215271e+00 1.803479920369901734e-01 -2.734835916525373278e+00 -4.579475781208685703e+00 -9.307011985002619170e+00 -8.809991896292023839e+00 -1.233013246440472699e+01
-8.431231203747001857e+00 4.797589987540654022e+00 2.924061993206923304e+01 -5.330502640818548521e+00 1.216154794346903323e+00 9.348788415604557756e+00 -8.145989155293268169e+00 3.144718703741339993e+00 2.254835538286981489e+01 -1.115561820430359852e+01
9.869409263355024109e+00 5.318259660416134516e+00 2.839723989468970089e+01 -5.929905697557128263e+00 4.286818149435979164e-01 -5.080464909743072965e+00 -3.074008186151099498e+00 -7.569746789206627469e+00 -8.295742113329058753e+00 -9.404293644533575858e+00
-7.039882074261245570e+00 2.514860823289645886e+00 2.906969538217889237e+01 -5.440856440054957943e+00 1.673475809601352893e+00 1.143474638403067800e+01 -6.942790138729991511e+00 4.267844909895974759e+00 2.277291785745651254e+01 -8.855289366404232254e+00
-6.351108115767557294e+00 -3.107782568016325797e+00 -9.329855435371250394e+00 -3.785333804519897871e+00 2.115686073682379487e+00 1.111106251418319601e+01 5.683765275485527235e-01 5.697976170928432893e+00 -6.104449432832668165e+00 2.831965785374077527e+01
4.543344260772151921e-01 2.536654506386216035e+00 -8.751978953260694638e+00 -7.981135490701900537e+00 -2.011252096058754546e+00 -6.665733958337238363e+00 -6.198234689590087498e+00 -9.574214142600180111e+00 -9.447688428999748922e+00 -7.751728550762718939e+00
-3.310138184281670615e+00 4.698722120332051055e+00 -1.248703827434373892e+01 -9.157188596055028995e+00 1.456969738111623780e+00 -2.470912168548279109e+00 -5.625856563108498243e+00 -1.042570876820309245e+01 -8.128832047396191030e+00 -6.931592897038720835e+00
9.154614939407759167e+00 -3.844567784741010019e+00 -9.128123616127625795e+00 -3.431537948230296120e+00 -1.228053327114361437e+00 -6.778331639086614402e+00 2.697943668175869281e+00 -5.841760933063611105e+00 -9.435550789704244323e+00 -9.560051966853251315e+00
-2.608982621630051568e+00 3.150374856639148735e+00 -8.181891457155765934e+00 -5.594010155558730268e+00 -4.194382880338817787e-01 -2.545503656151383964e+00 -4.316842583225323438e+00 -1.086681344502911273e+01 -8.072197763664798131e+00 -1.000274720286237340e+01
-4.973353037651067510e+00 2.981283116265935451e+00 -9.097160979547700421e+00 1.826127867082358591e+01 -9.569857692453324072e-01 -4.795231754397797808e+00 -7.666105644061361524e+00 -8.695953736125613176e+00 2.288450233987585136e+01 -1.126144132522113672e+01
3.436011791461208276e+00 3.519086922478650958e+00 -1.028998974882460793e+01 -5.327538548824143128e+00 8.737671778454669802e-01 -7.145571575316259638e-01 -6.887806828377999402e+00 -8.394220446393328317e+00 -7.918982607493924242e+00 -9.330120252865704344e+00
9.515852589831208519e+00 3.051805668732559873e+00 -9.408417737357256172e+00 -6.545023166057185371e+00 -2.602486584135885739e+00 -4.703941720790187908e+00 -8.384343040902763278e+00 -7.717744534114939547e+00 -8.931152042371426347e+00 -7.850619058515712290e+00
-4.431771876556031664e+00 2.915368288650976858e+00 -9.492209145355797517e+00 -9.465649854269772234e+00 -7.504390031153461704e-01 -6.426267984055956006e+00 -4.974287174288716251e+00 -1.166013435242814289e+01 -4.839178956948777532e+00 -7.778281850626521887e+00
-7.803216497292814857e+00 -1.457809649496172977e+00 -7.917228888626865135e+00 -5.324992876376917650e+00 8.888787851797749218e-01 1.002700091266943083e+01 -7.071282024839684155e+00 -1.091013054409171623e+01 -5.827589350111789912e+00 -5.481547308526938167e+00
1.054588865392391739e+01 4.152261798069471155e+00 2.763725809983259651e+01 -5.396112746510629776e+00 -6.203473580426693834e-01 -4.952219580817494027e+00 1.038676374147970627e+01 4.880055573553062409e+00 -5.734772424594908991e+00 -1.011983363284506687e+01
-5.716841414993687920e+00 3.858133568001207880e+00 -1.032290440670626808e+01 -7.205317912798871127e+00 3.302060231242603394e-01 -2.647986914715160012e+00 -1.997148762191333637e-02 -7.983129881657284876e+00 -1.010951188447693205e+01 -5.951046248378951908e+00
2.053943206901259533e+00 -3.453296530689540678e+00 -9.836335090923313373e+00 -7.646708623833205820e+00 6.150143240496548369e-01 -3.525950131925233766e+00 -4.280646987201667031e+00 -1.094886903378703558e+01 -9.932645392076794977e+00 -1.137918500082995443e+01
-1.004812671596579499e+01 5.075472973147799216e+00 -9.395735379497391904e+00 -7.822304800777210687e+00 1.010185903008782304e+00 -5.194856956181590629e-02 1.306569728870979441e+00 -1.008436116182320141e+01 -9.455608719532110129e+00 -7.465255036768100538e+00
-5.405181989265916975e+00 -5.720636063225717827e+00 -5.541575540242165587e+00 -4.511620341003370172e+00 -1.950493638685842634e-01 -7.182336110627767667e+00 -5.501639580368268945e+00 -8.969362271129849518e+00 -7.639132334934786606e+00 -7.775060140738281333e+00
1.064376301397056857e+01 -4.430440043709245934e+00 -8.328428935735781025e+00 -6.294911493966690585e+00 1.182707851577727398e+00 -6.248612311762351545e+00 3.182048606094746823e+00 -7.259566329439967269e+00 -7.110964777825670602e+00 -6.437471430851315013e+00
-6.756135479587480397e+00 -5.256691523632257557e+00 -8.497621894139458121e+00 -4.875399544557062370e+00 1.785887776611081224e+00 1.021907497030872136e+01 -6.663428878936752398e+00 -7.981584378478475905e+00 -5.267606823978837838e+00 -8.390822871795256432e+00
-7.672061657244636734e+00 2.959061792528621559e+00 -8.920592682610884339e+00 1.637289752394639919e+01 -2.029422388467996274e-01 -6.532549139660369875e+00 -3.793181429707320529e+00 -9.016396237436822503e+00 2.562662224016934331e+01 -9.114331313605003260e+00
1.093997427462424454e+00 4.290359249398708386e+00 2.889581459176622147e+01 1.872118560789143871e+01 2.022999449737990396e+00 1.033643411749410390e+01 -3.209950649748595897e+00 -6.251616880591269521e+00 2.281094726601423872e+01 2.887287878801711827e+01
3.711035812692792923e+00 3.130931227124801985e+00 -1.016159920442523301e+01 -7.141521121969558905e+00 -2.353457944252761891e+00 -6.500545955228751005e+00 -5.314281218388469341e+00 -1.105742617217907231e+01 -1.058890144836682801e+01 -6.874243011154998584e+00
1.092348329760055492e+01 4.792259608298462759e+00 -9.604203912533909815e+00 -6.362285157065060481e+00 7.049689319789851361e-01 -7.832458484097076790e-01 -5.978938958912202395e+00 -1.150966547399269402e+01 -1.064419513836443087e+01 -6.639944092779760609e+00
9.547537077906373959e-01 -2.991381158684704111e+00 2.696442870354770704e+01 1.801384767525076214e+01 9.801734400247619217e-01 -2.894904600170535414e+00 2.040873639774293036e+00 3.943679551342423206e+00 -3.848938562086273052e+00 -1.012461722181026857e+01
-3.266621260111012059e+00 3.938981740156862532e+00 -1.200394298971189855e+01 -9.170492762050077573e+00 -1.549281052765282274e+00 -2.208923737754086014e-01 -3.518853434202116937e+00 -7.689896928371729778e+00 -7.142966805189193025e+00 -5.745898241961639563e+00
-8.762588447051841811e+00 2.655102114487172482e+00 -8.112060581924485092e+00 -5.691014487326801152e+00 7.303519776530146279e-01 -7.834624794987187002e+00 -5.778544060866755316e+00 -9.276406091021938138e+00 -7.780234267558443939e+00 2.814117036402398497e+01
1.140460770255983114e+01 2.247835223605263000e+00 -1.016703775476852378e+01 -8.484472947163036238e+00 -1.182130268084585989e+00 -5.128391978265611328e+00 -5.580266532683837433e+00 -1.132098614817972049e+01 -9.049111587024080805e+00 -8.486801542398179521e+00
-3.605597212195104539e+00 -2.618621682476102386e+00 -8.210186421062539708e+00 -6.316889313030372044e+00 1.519007476172206994e+00 1.343037958708164403e+01 1.750212259210672805e+00 4.336331203826801151e+00 -4.469589355466918157e+00 -8.440777987292218398e+00
-7.919260130137265818e+00 -3.386910289760932002e+00 -9.141643068064869482e+00 -6.113291716554454247e+00 7.433705480923485931e-02 1.182335575101302716e+01 -6.785590679243973078e+00 -8.466402060832056264e+00 -6.796735043066791881e+00 -7.892377395391886985e+00
-6.600200236655467734e+00 -3.459439573488363173e+00 -1.121882019165805211e+01 -8.657698393528546532e+00 -2.842926660744052203e+00 -9.826202271957792389e-01 8.384751851110603837e+00 2.561569380531068774e+01 -6.437286387875009730e+00 -6.754340767850515626e+00
-5.470935745048906895e+00 3.334775118043219688e+00 -1.178610291168093660e+01 -7.074667663935912287e+00 -6.285971350055462592e-01 -1.547058373459118119e+00 -4.084878848620784986e+00 -9.740348191392945054e+00 -7.856658774509647003e+00 -1.006763948688323929e+01
9.407787796628102939e+00 1.713532949688507223e+00 -9.940953026216083899e+00 -6.789051524936640547e+00 -1.262065661381254755e-01 -1.229749128765341259e+00 -5.476218894079637245e+00 -7.488416050721601103e+00 -1.065228694259161379e+01 -6.584174929564798440e+00
1.052143392919201892e+00 2.513530065129331081e+00 -9.705848505224736300e+00 -6.450673527116849826e+00 4.134620325591888523e+00 1.034658718980268333e+01 -4.289091134046293163e+00 5.343937467284615828e+00 -4.441843731641060167e+00 -1.092176543599015304e+01
