-9.084588870083130985e+00 -2.617171805822700748e+01 -3.606278497097927982e+01 -2.060460125241267804e+01 1.440806777239946435e+00 4.582247774936270557e-01 2.323065123900429541e+01 -5.389506125291123606e-01 7.204687608937510035e+00 -6.944126214593611124e+00
-4.183356166687768329e+00 2.515776078814818462e+01 2.668990798006916965e+00 -8.503519228453395584e+00 -5.966603744906916695e+00 -1.442750576835178045e+00 -6.842796616430978140e+00 9.823002951201994293e+00 -3.678553320422867046e+01 -3.143552703006271098e+00
1.058234962246473643e+01 2.417816330460908958e+01 2.432083013001534511e+00 -9.600338512233863142e+00 -1.533570273066359313e+01 1.793472070007260299e+01 -5.661267969257244737e+00 -7.846588423132502932e+00 4.873837576317994547e+01 -4.073652107733619410e+00
-7.508026716114187815e-01 -2.437653388439982649e+01 4.877087621165608056e+01 3.032563348579880014e+01 -5.257305262179784222e+00 -1.228416466484553915e+01 2.291874099679236920e+01 -4.720061102760199745e+00 4.627314963892357724e+01 1.396259931983836111e+01
2.564586010552939221e+00 -2.508668559271835719e+01 7.879302046590795916e-01 -1.210547868793166337e+01 -1.274308971048136563e+01 1.872915055079594993e+01 2.446513304301736014e+01 -3.523504167146223054e+00 5.171030202161746914e+00 1.177391837473242298e+01
-3.166436761294602498e+00 2.531997383732214502e+01 1.285591527835676873e+00 -1.172514407195397190e+01 -5.521237060060834700e+00 7.338202746683968325e-01 -5.516127839105365638e+00 8.458756909229524723e+00 -3.993698691942382339e+01 -3.508303348538084787e+00
1.487598385361082265e+01 -2.653032161472779649e+01 -1.725992976218090291e+01 4.423694742210256159e+00 -5.898806071294429465e+00 1.741973885927158960e+01 5.049227270586809091e+00 -7.119420713523400224e+00 5.652072613490833675e+00 1.231695135221651860e+01
-6.336843453505111690e+00 -2.440231685070713397e+01 5.064787209739241547e+01 3.784738619720918962e+00 -1.442736398966476052e+01 1.920476102282987796e+01 2.448141302314562751e+01 -4.857760489515682067e+00 4.647166592552714803e+01 1.271479905639872854e+01
-2.514585563004576141e+00 2.322389198581313607e+01 4.922374122421701514e+01 3.251985969634630891e+01 2.074284532381561075e+00 -1.403205510660690969e+01 -6.511285346739764002e+00 1.042220438231200319e+01 -1.577239189386012264e+01 -7.299663294089503651e+00
-5.285200162968974880e+00 2.426769632154907086e+01 4.909751946930669675e+01 -9.132889507603426438e+00 -1.551213478429031056e+01 1.850412587468609615e+01 6.770517662098526124e+00 -7.125951398128308689e+00 4.671205304210100451e+01 -3.227256213697953791e-01
1.386616093871854183e+01 -2.421966392051260542e+01 4.836952206620780714e+01 3.170839620818210847e+01 -5.950458654078023102e+00 -1.365414280733096841e-01 8.549219901349040640e+00 -8.839660903531719072e+00 5.672009671959063581e+00 -1.407859337563084123e+00
-2.803272724743806510e+00 2.742614635518018673e+01 -1.850193460804861800e+01 -2.292125149641426063e+01 1.424285392659061955e+01 -5.674227419959691154e+00 5.180511839829482490e+00 -4.242234923300884475e+00 -1.356702765375661812e+01 -2.155185352533784293e+00
1.426680197654014215e+01 -2.464216651618790266e+01 -3.242837961256765311e+01 -2.270503452701744607e+01 1.949596538997441675e+00 5.846888464758382975e-01 2.495347825746219783e+01 -7.758189640130724207e+00 6.280899327796132248e+00 1.359016261202601505e+01
1.438420312771375542e+01 2.589528421193943686e+01 -3.321534802472171322e+01 -2.303142414338616462e+01 -4.604942833787712964e+00 7.832422079944617588e-01 -2.578551000983170383e+01 -3.552605282156374944e+00 -3.700289686864553573e+01 -4.696964690804231068e+00
-1.061517706535003436e+00 2.287406293099813226e+01 -3.412994366105407096e+01 3.273564944650400932e+00 3.004135371727206572e+00 -1.281231430924984238e+01 -2.458739033330995483e+01 1.144292482621014351e+01 6.735675465132369588e+00 6.524723414704391988e-01
-4.090476571231928204e+00 2.686207658520431352e+01 3.935612352685327053e+00 -9.003188492815702659e+00 -5.030826812713951490e+00 4.527824560778114793e-01 -5.457500728093178211e+00 9.364974572690618615e+00 -3.673327603113347806e+01 -6.613694774572567603e+00
-2.187105480558100279e+00 2.365316324769341350e+01 4.912901046176817488e+01 2.609939280115225912e+00 -1.611809666426840337e+01 1.842069070364455641e+01 -5.592681961447884653e+00 -4.299386051956072485e+00 4.720221080116796486e+01 -3.447406782615317633e-01
-3.343357850770291684e+00 2.393165098875743269e+01 4.811577173163955479e+01 -2.331626245817620102e+01 2.437704527131283161e+00 -6.135340989633918163e+00 -6.983160418814932768e+00 -2.761225850947742977e+00 -1.469155158184432963e+01 -3.694771673826552583e+00
6.149610701895146248e-01 2.390182201251219141e+01 4.887955553501945616e+01 3.534717809253770326e+00 -1.521330140138488929e+01 1.738692557764740343e+01 -7.337865279225638915e+00 -8.614480799633108532e+00 4.586173130204132775e+01 3.018244778033198905e-01
-7.599010103798875093e+00 -2.520630528613645183e+01 -1.602083149255911820e+01 2.578318020500669494e+00 -1.513893353713647905e+01 1.966237242653267714e+01 4.393199397353243718e+00 -9.006620431561120910e+00 5.817757053385155253e+00 1.197078459631689640e+01
1.052945622889943955e+01 2.542706744914757166e+01 -3.413870102094200121e+01 -2.297925233667010758e+01 5.183128266225706104e-01 -5.441465160798892420e+00 -2.652435153769355836e+01 1.094852351989258032e+01 -3.819509942644967282e+01 -7.614038695782616273e+00
-7.772664870936604409e+00 2.558709164828722749e+01 -3.349457398761767024e+01 -2.257740751032396886e+01 1.694527242359202290e+01 -1.260704711865263938e+01 -6.489170306105297215e+00 1.013162091567524570e+01 -3.728599106044350009e+01 -7.884208736677426721e+00
-3.409758141673805643e+00 -2.379443171243246979e+01 -1.751031213949543996e+01 3.410680608054472263e+00 1.586918549978671145e+01 -8.006825370069394765e+00 9.392053567615516130e+00 -6.322883597108915232e+00 -1.354063525233108756e+01 9.403524828484138842e-01
-5.584340334002703798e+00 2.601562853879866566e+01 -1.772331613165916409e+01 -7.800563237851767973e+00 1.986044712682991076e+01 -1.316575484549198904e+01 -6.667248887404183755e+00 1.044501995157134289e+01 -3.768478511408611098e+01 -1.028358627314669782e+01
1.338840688229848475e+00 2.458881898079974704e+01 1.695504961630189156e+00 3.011632663958979350e+01 -5.978806662596791277e+00 -5.946964219601140300e+00 -2.647973794001289960e+01 1.169417214002542948e+01 4.421189679992549060e+01 -3.268720078418205333e+00
1.355228002876188675e+01 2.338255715554299030e+01 -3.370636913698089643e+01 -2.236164582527709754e+01 -5.718579893143421522e+00 2.726253582309009271e+00 -2.582368727378855056e+01 -3.106462295084968517e+00 -3.605116433245036234e+01 -5.461930974877956757e+00
-5.598569449882055515e+00 2.547458628947776305e+01 -3.440061537693519966e+01 -2.300209548961674244e+01 1.715945340842297639e+01 -1.075439500106736013e+01 -2.490089500940166545e+01 9.350858161546080183e+00 -3.629145017115273220e+01 -1.107048447799973800e+01
-8.500973036302990948e+00 2.549617806820215193e+01 -1.436240771330085941e+01 -2.194616081888625203e+01 1.638255497556358975e+01 -6.004913911233646928e+00 -6.537076413415787712e+00 1.356208711229633046e+01 -3.630460571039944284e+01 -9.072924918598131327e+00
-1.406638813687151712e+00 -2.380470512001328842e+01 -1.891704953062328443e+01 3.690429382391606783e+00 -1.364053766360118658e+01 1.741615331977030934e+01 -2.247011968916848090e+01 -4.143303994741450502e+00 4.369589387797907065e+00 -1.023117099399136620e+01
-3.715412982021691235e+00 2.651716725574449995e+01 4.896419755799519891e+01 -2.349312651990656775e+01 4.494108660825287593e+00 -5.493014298222122171e+00 2.302847981354900853e+01 -8.023743216904348330e+00 6.046905545898275669e+00 1.525177575406555075e+00
-4.282689281175130341e-02 2.393989444194962601e+01 3.110279188061221056e+00 -2.344552248993309007e+01 1.662618758893302839e+01 -1.407055186179308492e+01 6.136162639852946299e+00 -4.400390111399752335e+00 -1.378297644937665467e+01 -1.002461753314375592e+01
1.324099941978798078e+01 -2.604387788771768797e+01 -1.830009986080693096e+01 -2.287174453049275513e+01 1.772938065896768478e+01 -1.455048242482102516e+01 -5.702143931247990238e+00 9.999848140294126608e+00 -1.573249116743042642e+01 2.011439412974595081e-02
-2.248388616521763694e+00 2.473071441202873899e+01 2.845359941150949368e+00 -2.399681656472754554e+01 1.801913272880237216e+01 -1.085020125298169091e+01 6.684683764417329144e+00 -2.469511823819482199e+00 -1.676815178584251953e+01 -6.945538211124149264e+00
4.146838172755229479e-01 -2.596792509406757077e+01 -1.736011340298090744e+01 5.537365618221027574e+00 2.094788962717408332e+00 -5.841573349030965367e+00 -5.062612913537466675e+00 8.609208660776925370e+00 -1.420067938473539471e+01 -2.331658939451892287e+00
-3.837918650171517232e+00 -2.451928415034372577e+01 -1.465822611482370696e+01 3.217554167615435556e+00 1.594351735085652955e+01 -7.973587044855769967e+00 4.335194309855623374e+00 -2.741525713889035210e+00 -1.454343572318658317e+01 6.067720108254971434e-01
-1.619118508880373453e+00 -2.304455136306618712e+01 -1.707150759621888270e+01 2.882619068857307898e+00 -1.376820657159035122e+01 1.729131598024985195e+01 -2.329450522773345611e+01 -4.675849608502788968e+00 6.862442763697201187e+00 -8.478577047855248239e+00
-1.051087928357278961e-01 2.399390823293677499e+01 4.663085022937212720e+00 3.267879500198308307e+01 -5.011930160674148205e+00 -6.854692792200495433e+00 -2.687976043004617566e+01 9.678732911927680149e+00 4.802369703528955824e+01 -5.060758733504803430e+00
1.240288885172667221e+01 2.498871796615549101e+01 4.939494147513345013e+01 3.012814943415271784e+01 -1.496803292561972576e+01 1.875279038213546201e+01 -7.357436062546836020e+00 -3.822876104177902690e+00 4.591640499336514836e+01 1.476309037756214337e+01
1.209823732383075168e+01 2.376562806021691898e+01 -3.508685872524645077e+01 -2.422115555903440764e+01 2.902838458608926864e+00 -5.424271312857610994e+00 -2.495218725123378078e+01 1.098207943999544867e+01 -3.561671742925987161e+01 -6.463364552807727037e+00
-2.814606751820795782e+00 2.496622488681377305e+01 -3.187188708565714990e+01 -2.073198446259945271e+01 1.835831688732325162e+01 -1.388438011632623770e+01 -2.673481015315856624e+01 9.075756459946912713e+00 -3.593081782354546760e+01 -7.790796225883766191e+00
1.618879607892030137e+01 -2.382207551722784800e+01 4.993767208844160166e+01 3.073973562404331972e+01 -4.424464822171256806e+00 7.845806659065247546e-01 6.238702139225224208e+00 -4.411324068739692628e+00 6.739051206129275329e+00 1.374354280796234562e+00
-6.466647474189350930e+00 2.316023284210481847e+01 -3.229545038619324515e+01 -2.027272237246486242e+01 -6.210772277081535897e+00 5.863088422100111163e-01 -6.669638853770462283e+00 -4.505805441314862492e+00 -1.492969055233596265e+01 -9.064024946339468869e+00
8.834052663626685842e-01 2.305279986823737204e+01 -1.578913811284515667e+01 -2.420515926219027492e+01 -6.184600196595953392e+00 -6.662939208425359361e+00 -2.595723260224631801e+01 1.066165210808040520e+01 -3.595695422956599430e+01 1.228530822902611597e+01
-2.676939540883203072e+00 2.598424480779514312e+01 -3.353878852002438293e+01 -2.205753775409500506e+01 1.767954559472294918e+01 -1.503657296411165589e+01 -2.558516052681854092e+01 9.285314214810021838e+00 -3.624854585138952956e+01 -9.534398091839365819e+00
-4.935003885139037649e+00 -2.452062670027059355e+01 -1.876611774877781968e+01 -9.067755618559061759e+00 -1.554693827316685173e+01 1.829206617679200164e+01 7.797317334094833186e+00 -7.359338246149417451e+00 5.292796325859605133e+00 8.526064701010336450e-03
1.122115897277430552e+00 -2.496881734530674635e+01 -1.613416932082202138e+01 8.339975954834312200e-01 -1.539451876160406130e+01 1.890284024924237727e+01 -2.348710650206285067e+01 -3.659584648449983657e+00 3.842903611264198993e+00 -6.980624724567248585e+00
-7.122638800270774340e+00 -2.616814946914491813e+01 -3.436640935341998215e+01 -2.345670790474342482e+01 1.158241226562222170e+00 5.589190906066019426e-01 2.421678113502704832e+01 -3.541010244444465549e+00 7.313338030064363338e+00 -7.356712478563983915e+00
-6.092195322800822765e+00 2.607801379639645845e+01 -3.485887206033101648e+01 -7.730013795219150552e+00 -5.399873038223804045e+00 2.233870705995422701e-01 -5.448176003094022057e+00 9.861932723619105445e+00 -1.477368141351717590e+01 1.845706688590430078e+00
-3.805143887833902561e+00 2.683350671424952694e+01 -1.352216901701962826e+01 -2.213070434419606869e+01 -8.155647227067868599e+00 3.917844035758443866e+00 -7.806027477614406074e+00 -4.387473166561269622e+00 -1.367390717575289116e+01 -9.347237373846777331e+00
1.119548468125439378e+01 2.408524536337480271e+01 3.768156073285377161e+00 -2.285153226951262084e+01 -1.490068893191608090e+01 1.880912136089176201e+01 -2.937311264672598732e+00 -5.366556671368036824e+00 6.298292043230117265e+00 3.902466773175661818e-01
