-4.734617415196885837e+00 -1.631791901595939720e+01 -2.078929667622469779e+01 -1.095650448689053214e+01 -6.555647488243715459e-01 1.015034173932010120e+00 2.558490625726043177e+01 4.051754208494386389e-01 5.630148183780805837e+00 -1.698827948757703155e+00
4.796764709902396895e+00 2.010684997703188515e+01 -4.186580022158964631e+00 -4.540222669532214539e+00 -1.202267768808742199e+00 3.483181921310590790e-01 -8.292344574709780147e+00 1.966111548340700343e+00 -2.379243074170998895e+01 -2.610931874290692178e+00
2.888586776780488030e+00 9.296681299312021807e+00 -4.958841406245708683e+00 -6.352217902072720968e+00 -1.070949440696498556e+01 3.955804423233959000e+01 -5.872647807748079707e+00 -4.284330212646397129e+00 1.409089276832965965e+01 -2.496763803657735536e+00
1.388640712084695084e+00 -1.049535037104858937e+01 3.749291168050401524e+01 1.858272871459748998e+01 -6.340551459033951787e+00 -8.197013870023731386e+00 2.698530444552326557e+01 2.805815367325857679e+00 8.305808712325546139e+01 8.315769079007253595e+00
-2.812925799289949680e+00 -1.391286942853439434e+01 -2.399941742861354754e+00 -5.790135533819083413e+00 -8.615960365754931516e+00 1.158232048218008003e+01 1.002431167066778706e+01 -4.557354743080019865e+00 1.107918488102162868e+01 1.850404750685431310e+00
4.796764709902396895e+00 2.010684997703188515e+01 -4.186580022158964631e+00 -4.540222669532214539e+00 -1.202267768808742199e+00 3.483181921310590790e-01 -8.292344574709780147e+00 1.966111548340700343e+00 -2.379243074170998895e+01 -2.610931874290692178e+00
1.426035491278862111e+01 -1.305800549747797312e+01 -1.951585803738305813e+01 -1.424626946570417552e+00 -5.210838986875385714e+00 4.887377770256110310e+00 4.776644963735489746e+00 -8.658017506748008074e+00 9.627985662044693527e+00 1.548076783744512142e+01
-3.086107870065661007e+00 -1.342282368581147445e+01 3.359659788799266522e+01 -3.123487567409539256e+00 -1.008122941273840567e+01 1.370464619116962446e+01 1.438669187634838842e+01 -3.134274937823622320e+00 3.992905979617260925e+01 1.804476792365404947e+01
-6.940501359465502951e+00 1.147492202366155389e+01 7.484914084891666164e+01 2.404328733387431427e+01 7.593269013035579995e+00 -6.562552411708783673e+00 -3.706903849896397318e+00 4.403874830507318983e+00 -1.031589910662081166e+01 -6.969957032924696705e+00
-5.093593825756900451e+00 1.187431084634195422e+01 1.303937498240151704e+01 -3.734459106903604386e+00 -1.453977527310557960e+01 2.651765295217993668e+01 4.577054036474099696e+00 -2.382712992716190525e-01 1.489725423724516240e+01 -1.278309887178842530e+00
9.115538350071011209e+00 -9.485690129959472472e+00 3.843589091213043929e+01 2.676162758908938599e+01 -4.239240140467585682e+00 2.568235165588593549e+00 3.620978613492411569e+00 -7.119833603994030646e+00 1.157777775227958550e+01 3.558185209859857423e+00
-1.602754360705664016e+00 1.692525321255533655e+01 -7.368896136765644478e+00 -1.184801469227191006e+01 8.760155461716687242e+00 -5.210007182110582669e+00 1.085612981977997649e+01 -2.592643526905256124e+00 -1.051778246561039332e+01 -2.887755567842356541e+00
7.797915477655415373e+00 -1.208513308093827199e+01 -1.903527594360383901e+01 -2.114489768939916559e+01 -1.869229508866770972e+00 1.060499296156609539e+00 1.507868980700394523e+01 -7.024308590866138680e+00 -2.452018250948552858e+00 2.275348929436034950e+00
1.942791996609402716e+00 1.027774346521349003e+01 -2.331617822467408629e+01 -1.733620352029122458e+01 -1.889754542717391628e+00 -2.157743296618309881e+00 -1.246909108538222810e+01 3.685414095772688636e+00 -1.958842001124040877e+01 -2.248704881237991060e+00
-2.900678654103840071e+00 9.680622599908458525e+00 -2.471627105697834992e+01 -3.291988338097527667e+00 1.985061365432696956e+00 -9.093190782467557298e+00 -1.046725733045505180e+01 4.540345447027783976e+00 8.250330087978674953e+00 2.460236309044134373e+00
4.796764709902396895e+00 2.010684997703188515e+01 -4.186580022158964631e+00 -4.540222669532214539e+00 -1.202267768808742199e+00 3.483181921310590790e-01 -8.292344574709780147e+00 1.966111548340700343e+00 -2.379243074170998895e+01 -2.610931874290692178e+00
-3.047185838352720388e+00 9.628753756687698839e+00 1.730427079650799271e+01 9.902426005597634528e+00 -9.246827073684478648e+00 4.785428270844854559e+00 -1.018797600042395807e-01 -4.175797328243965545e+00 1.451588758470940910e+01 3.070571648754572891e+00
-2.283539475240745631e-01 1.723140537988050625e+01 9.015318010262753035e+00 -2.097997220948608899e+01 4.048459966830535883e+00 -3.735432454702290350e+00 6.922443053261468915e-01 -2.564784165735382260e+00 -1.567197687205090695e+01 -2.414767335238348522e+00
-3.047185838352720388e+00 9.628753756687698839e+00 1.730427079650799271e+01 9.902426005597634528e+00 -9.246827073684478648e+00 4.785428270844854559e+00 -1.018797600042395807e-01 -4.175797328243965545e+00 1.451588758470940910e+01 3.070571648754572891e+00
-3.716417644589832925e+00 -1.468363116908786736e+01 -7.405390565140930192e+00 4.557567847530350491e+00 -8.127939779817706878e+00 1.581308808172766334e+01 4.260929490898222483e+00 -7.546081905621426777e+00 4.319880564066220785e+00 1.639229609695362200e+01
2.012295396905044775e+00 1.097450080540349582e+01 -2.288557554516268056e+01 -1.243353418959112489e+01 3.514411445980272219e+00 -5.613366256471410409e+00 -1.068354627933315548e+01 4.507074240434434387e+00 -2.229884844594537441e+01 -8.025054369168366009e+00
-3.656424168988521295e+00 1.633381443618679185e+01 -2.045641861878101153e+01 -1.450722677762882817e+01 1.228122221879899634e+01 -8.583282291233633288e+00 -7.838424101801703792e+00 2.088020058071448304e+00 -2.660883199607800620e+01 -4.184546667408469034e+00
-5.998317865712343711e+00 -2.194629874325051944e+01 -7.855990116460790595e+00 1.076926607279172110e+00 6.403695612812638771e+00 -5.862025117078686343e+00 3.602257543523754268e+00 -2.995851188585286096e+00 -1.880885146809081832e+01 -1.917710006796141897e+00
-2.270650079714650271e+00 1.610263368723934718e+01 -1.441638513621922080e+01 -9.119607341824996993e+00 1.342669912613387062e+01 -9.359583189581885065e+00 -1.224851268587084796e+01 1.304619660834843708e+00 -1.938751209564912514e+01 6.131547966686383688e-01
-2.284632914561255390e+00 6.892777983772094608e+00 1.163172398204662805e+01 1.858963163018548315e+01 -4.347962672067470002e+00 -6.576777591078768026e+00 -1.137356429153846804e+01 4.722469187211687291e+00 2.670080012567997585e+01 -5.468796014528464866e+00
1.942791996609402716e+00 1.027774346521349003e+01 -2.331617822467408629e+01 -1.733620352029122458e+01 -1.889754542717391628e+00 -2.157743296618309881e+00 -1.246909108538222810e+01 3.685414095772688636e+00 -1.958842001124040877e+01 -2.248704881237991060e+00
4.267229677823643819e+00 1.752848939655050842e+01 -2.141582685186731894e+01 -1.439220088777300433e+01 7.071483239579050561e+00 -7.076697098089041127e+00 -1.398373528528384035e+01 1.746468235506469513e-01 -1.915911529880347075e+01 5.725309588828800145e+00
-5.227599874600496577e+00 1.505850495644145859e+01 -6.770276226659217578e+00 -1.894284726572182720e+01 7.736976407724455385e+00 -5.796284884459631748e+00 -2.564107289134802681e+00 2.505058269778601243e+00 -2.630591571001997764e+01 -4.767088836156801790e+00
2.595596998456890070e+00 -9.334278292970868307e+00 -1.785714343522879588e+01 -1.352102690715624167e+00 -5.582618100118147630e+00 1.796218112530187128e+01 -7.490951584468154678e+00 -3.038624381101337590e+00 9.798591618561660610e+00 -7.640908041092147940e+00
-6.170374676453699081e+00 1.211795357533874551e+01 9.170345211692855969e+01 -1.741238087567014503e+01 5.698531737978411726e+00 -5.674328229054092176e+00 1.745015169513152387e+01 -4.177792529853116221e+00 1.325232202060428577e+01 -8.223274459618181709e-01
-4.932518060049001285e+00 1.275765716397585869e+01 -2.868876438667452566e-01 -1.834981522291454326e+01 2.058837123614445375e+01 -9.841700455321085172e+00 7.825040061810760506e+00 2.094483112638109823e+00 -1.067758530972001907e+01 -4.386535369685720553e+00
1.287995371002688749e+01 -1.073675610582469098e+01 -1.461059504668110876e+01 -1.431323866065207362e+01 8.847483296381222218e+00 -6.394381686958119815e+00 5.288435968435413470e-02 5.400371615827407545e+00 -1.216009802726740396e+01 -3.161509288290886843e-01
-4.932518060049001285e+00 1.275765716397585869e+01 -2.868876438667452566e-01 -1.834981522291454326e+01 2.058837123614445375e+01 -9.841700455321085172e+00 7.825040061810760506e+00 2.094483112638109823e+00 -1.067758530972001907e+01 -4.386535369685720553e+00
4.771970101775926842e+00 -1.197173675303988105e+01 -1.542097794754134021e+01 -1.349343346423782730e+00 1.928808452589972688e+00 -4.329417343303456178e+00 -4.768915994862360286e+00 5.203532919394204370e+00 -1.081171483524389743e+01 -5.416697571388006338e+00
-5.998317865712343711e+00 -2.194629874325051944e+01 -7.855990116460790595e+00 1.076926607279172110e+00 6.403695612812638771e+00 -5.862025117078686343e+00 3.602257543523754268e+00 -2.995851188585286096e+00 -1.880885146809081832e+01 -1.917710006796141897e+00
2.595596998456890070e+00 -9.334278292970868307e+00 -1.785714343522879588e+01 -1.352102690715624167e+00 -5.582618100118147630e+00 1.796218112530187128e+01 -7.490951584468154678e+00 -3.038624381101337590e+00 9.798591618561660610e+00 -7.640908041092147940e+00
-2.284632914561255390e+00 6.892777983772094608e+00 1.163172398204662805e+01 1.858963163018548315e+01 -4.347962672067470002e+00 -6.576777591078768026e+00 -1.137356429153846804e+01 4.722469187211687291e+00 2.670080012567997585e+01 -5.468796014528464866e+00
1.519807897959094056e+01 5.828635982240942148e+00 1.679767092620677005e+01 3.830647190742717356e+01 -1.077917203580071082e+01 7.767137555331110832e+00 -4.984452920219670347e+00 -2.162082962552557497e+00 1.570922288450386439e+01 8.710134450190452071e+00
2.012295396905044775e+00 1.097450080540349582e+01 -2.288557554516268056e+01 -1.243353418959112489e+01 3.514411445980272219e+00 -5.613366256471410409e+00 -1.068354627933315548e+01 4.507074240434434387e+00 -2.229884844594537441e+01 -8.025054369168366009e+00
4.267229677823643819e+00 1.752848939655050842e+01 -2.141582685186731894e+01 -1.439220088777300433e+01 7.071483239579050561e+00 -7.076697098089041127e+00 -1.398373528528384035e+01 1.746468235506469513e-01 -1.915911529880347075e+01 5.725309588828800145e+00
9.115538350071011209e+00 -9.485690129959472472e+00 3.843589091213043929e+01 2.676162758908938599e+01 -4.239240140467585682e+00 2.568235165588593549e+00 3.620978613492411569e+00 -7.119833603994030646e+00 1.157777775227958550e+01 3.558185209859857423e+00
-3.653783191106456663e+00 1.716432177990776964e+01 -2.115237436559782225e+01 -1.248951072652560512e+01 -1.979366861604809236e+00 1.864511095484205683e+00 7.675115092194418898e-01 -2.042103778638896472e+00 -1.304431518399193912e+01 -3.105608181126008560e+00
-1.632620140624873928e+00 9.063167826697007712e+00 -1.194092156030568752e+01 -2.272128380868032949e+01 -4.580398807249491000e+00 -3.972444773485793057e+00 -2.372561317293794403e+01 1.400332018054264793e+01 -1.977010002800486532e+01 1.453657341376062107e+01
4.267229677823643819e+00 1.752848939655050842e+01 -2.141582685186731894e+01 -1.439220088777300433e+01 7.071483239579050561e+00 -7.076697098089041127e+00 -1.398373528528384035e+01 1.746468235506469513e-01 -1.915911529880347075e+01 5.725309588828800145e+00
-6.206531943451124356e+00 -1.526104717271360300e+01 -1.970873867065611051e+01 -7.794571006025239335e+00 -7.301789239913166085e+00 6.410542681879809024e+00 1.982028400214520536e+00 -5.440869470993209944e+00 1.867357176588069212e+00 1.380763584742283001e+00
2.595596998456890070e+00 -9.334278292970868307e+00 -1.785714343522879588e+01 -1.352102690715624167e+00 -5.582618100118147630e+00 1.796218112530187128e+01 -7.490951584468154678e+00 -3.038624381101337590e+00 9.798591618561660610e+00 -7.640908041092147940e+00
-4.734617415196885837e+00 -1.631791901595939720e+01 -2.078929667622469779e+01 -1.095650448689053214e+01 -6.555647488243715459e-01 1.015034173932010120e+00 2.558490625726043177e+01 4.051754208494386389e-01 5.630148183780805837e+00 -1.698827948757703155e+00
-4.810193907662976720e+00 1.347410276187520495e+01 -2.729293488147166968e+01 -8.428884515104481778e+00 -1.632353063562198781e+00 -2.154412412883575989e+00 -7.800802047750384105e+00 3.747674662743410767e+00 -1.161190345512137334e+01 -1.183830564085042170e+00
2.518073154791919954e+00 1.747827023189213946e+01 -7.835882017549104184e+00 -1.501176441257505090e+01 -1.862979245367041958e+00 3.129369310082776856e-01 -4.715382874820862824e+00 -2.262394142577568434e+00 -1.314167489117170362e+01 -2.464762861732218369e+00
4.970326801440188014e+00 1.013027755253289897e+01 -3.075003039388735981e+00 -2.386504266728398349e+01 -9.800936492536569844e+00 2.181571970183269116e+01 -2.117421569711750440e+00 -4.469682118638472978e+00 8.981981428832494174e+00 3.405989378823933933e+00
