-3.202691905111625381e+00 -1.422997949048462019e+01 -1.106872704857828360e+01 -7.924292159419588089e+00 -1.865819181517965220e+00 -5.518643424214887405e-01 1.233933417769579854e+01 1.544583845446685366e+01 5.645218859760822383e+00 -4.302157433637631812e+00
1.083635879910665523e+01 1.397693722489519175e+01 -4.403166234492723596e-01 -1.999902885821169152e+00 4.077268537254162273e-01 1.365163551518571605e+00 -1.994338649319746137e+00 -4.907591143686520496e+00 -1.164029001853598722e+01 1.444615565248064115e-02
-5.254195582335310366e-01 3.378796758447339510e+00 -1.570836455975779256e+00 -3.290878261912225433e+00 4.345951993744741060e+00 1.312036599867103970e+00 -1.176099982013554701e+00 4.775316635939856447e+00 1.005619719611692808e+01 -1.131316106339717464e+00
2.857917272459286728e+00 -5.011341000045008265e+00 1.962963618717862246e+01 1.123566607211552615e+01 1.719546117680846864e-01 6.565513037656491857e-01 6.417672282426770458e+00 1.648437211155582816e+01 2.516911313208525769e+01 1.250665129077560778e+01
-6.936169442070998226e-02 -8.218982792991258890e+00 -2.009361369665868313e+00 -4.021326148757673025e+00 1.801065195776880290e-01 -7.655210316211151778e-01 5.603163049397650752e+00 1.002905412663435314e+01 6.238193601330999982e+00 1.041117893490438817e+00
1.083635879910665523e+01 1.397693722489519175e+01 -4.403166234492723596e-01 -1.999902885821169152e+00 4.077268537254162273e-01 1.365163551518571605e+00 -1.994338649319746137e+00 -4.907591143686520496e+00 -1.164029001853598722e+01 1.444615565248064115e-02
1.018702104910793871e+01 -6.779806621001185363e+00 -1.293779246668759342e+01 2.152726004366689594e+00 2.402231814979705504e+00 6.554315866520589173e-01 5.126268042627772914e+00 5.042861327197958765e+00 6.784174136027282032e+00 1.326285616859276217e+01
-3.214164555760193887e-01 -2.362301524848622769e+00 1.894282423020610295e+01 2.992928464009595446e-01 1.865765284710029670e+00 -3.389771097821080215e+00 6.261964404374608328e+00 1.558057903782644260e+01 1.985433728784762764e+01 2.644247480652111904e+01
-1.788060514311694327e+00 3.275068510774227448e+00 4.132091914354656836e+01 1.255601114908239069e+01 -3.648122542479809716e-01 6.959217041133983761e-01 -1.414900812386647777e+00 -6.974578693086688652e+00 -5.348177563439506343e+00 -6.783641850402901241e+00
-6.337962962963048508e-01 4.820759264255483068e+00 8.661892583599367867e+00 -2.449360982458259617e+00 -1.768936390525116531e+00 -4.060001199094634750e+00 3.408645597573821018e+00 8.865680848459414065e+00 9.923221530244648037e+00 -8.165783583394556899e-01
1.689057449125879407e+00 -6.985849870847498089e+00 2.290902512353168063e+01 1.338997525618156459e+01 1.952746551353719440e+00 8.116713756114672940e-01 4.307885171695343018e+00 5.504061246259087881e+00 6.779595655280298061e+00 1.982247528116310775e+00
-9.646756074164036798e-01 1.593314672422320299e+01 -1.253662984446761719e+00 -3.588501681230672702e+00 3.790510039919972596e-01 1.201587301587327516e+00 7.935376290900334695e+00 -3.871849253813747782e-01 -5.423697420947170222e+00 -1.824356548305971160e+00
3.082930200198851445e+00 -1.243826585927623363e+01 -1.070602426418046882e+01 -1.928672471034364122e+01 -7.531551803388466526e-01 -4.114887010307277659e-01 8.560138220643375817e+00 4.748759811342405435e+00 -2.635888654066581016e-01 1.474501501366447087e+00
6.271772311904296737e-01 8.092578852965969460e+00 -1.471422782049548061e+01 -1.030539742494413780e+01 -3.408929383315785766e-01 -3.993378749047945403e-02 -7.062739256861026327e+00 -5.216570489280592859e+00 -1.287362647451170972e+01 -1.437063517044663286e+00
3.203828609399895222e-01 9.843544998526041923e+00 -1.816401666741600351e+01 -1.344744467926721088e+00 -1.278935903392962814e+00 1.505755779386574567e+00 -6.760093129687041902e+00 -7.800105295501905900e+00 8.052336111235982585e+00 2.744068977921669372e+00
1.083635879910665523e+01 1.397693722489519175e+01 -4.403166234492723596e-01 -1.999902885821169152e+00 4.077268537254162273e-01 1.365163551518571605e+00 -1.994338649319746137e+00 -4.907591143686520496e+00 -1.164029001853598722e+01 1.444615565248064115e-02
-5.241890497674339677e-01 2.458185569894698386e+00 1.271695382486222137e+01 3.920249586562125188e+00 -3.557950996997228277e+00 -3.639528343600554994e+00 2.425623029612672177e+00 3.274539160433824758e+00 1.233133403030711150e+01 2.212976452778182335e+00
-1.715136946605181067e-01 1.529265591978047745e+01 9.885321020129742564e+00 -9.616921411834043809e+00 -5.730902543579173836e-01 7.597397090196753577e-01 8.236162322446317630e-01 -7.040931596644653956e-01 -9.431938573876637477e+00 -2.090026967139781533e+00
-5.241890497674339677e-01 2.458185569894698386e+00 1.271695382486222137e+01 3.920249586562125188e+00 -3.557950996997228277e+00 -3.639528343600554994e+00 2.425623029612672177e+00 3.274539160433824758e+00 1.233133403030711150e+01 2.212976452778182335e+00
-6.611438364034993853e-01 -3.920230351084927012e+00 -4.808649719461747019e+00 5.898370792551619779e+00 4.442503160114084970e+00 3.160276803513382138e+00 4.991355713935947236e+00 6.944871122302639144e+00 3.422820270695644762e+00 1.231468597458913194e+01
9.704337600111798690e-01 7.603889938096749290e+00 -1.377524487761734129e+01 -6.586797155647488466e+00 -5.957719421836581430e-01 4.381384554661179043e-01 -6.001757985221129132e+00 -5.355015463325223379e+00 -1.429726862468835513e+01 -8.837968396360786016e+00
-1.975383273128770822e+00 8.874077758792063619e+00 -1.797726672612174426e+01 -8.125033911896510475e+00 1.197639094983272923e+00 -9.065524279172702815e-02 -3.542809491334022898e+00 -5.032335149462149992e+00 -1.830393278075049679e+01 -2.906107014204295069e+00
-6.245347887345024773e+00 -1.372940985805714575e+01 -5.906744033254868853e+00 1.677888194412958667e-01 -3.662892953320261658e+00 -2.073894147418700484e+00 1.755738042777708730e+00 -2.844820910212766396e+00 -1.163724506747403709e+01 -1.593867629939467179e+00
-7.508533557164169814e-01 1.002477061068892716e+01 -9.529925656129591971e+00 -5.006528633381816640e+00 2.249556085155698604e+00 1.392444954059646633e+00 -5.820210803343481842e+00 -6.006619814540004931e+00 -1.234522966410355238e+01 -5.922543791937115998e+00
1.197464601725701794e+00 6.121208425138930487e+00 1.050443121693121640e+01 1.060671255701943849e+01 7.240639567126833098e-01 2.727312316700888584e+00 -8.213814507546704391e+00 -6.784342446452953368e+00 1.975872141533141146e+01 -2.468008715919452811e+00
6.271772311904296737e-01 8.092578852965969460e+00 -1.471422782049548061e+01 -1.030539742494413780e+01 -3.408929383315785766e-01 -3.993378749047945403e-02 -7.062739256861026327e+00 -5.216570489280592859e+00 -1.287362647451170972e+01 -1.437063517044663286e+00
1.120317222996596529e+00 8.234379418538972928e+00 -1.709142815923967618e+01 -8.374569137800948582e+00 3.333169082342474221e-01 -1.041268217495918691e-01 -6.558674950412404669e+00 -5.126801015233504621e+00 -1.128547509130606130e+01 -4.250967332164236723e+00
-3.855896610559002458e+00 1.102388465458571964e+01 -3.469759643968767904e+00 -1.123654653236803114e+01 1.403295574341389296e+00 7.514645192879162994e-02 -1.464823745572097158e+00 -7.453512285724280595e+00 -1.763844484913888166e+01 -4.765149749439217430e+00
1.571640036772240068e+00 -3.903101345983770010e+00 -1.079767887744748300e+01 1.062594616064979208e-01 6.476745682010070837e+00 3.831797992515622475e+00 -5.429563679422035882e+00 -5.355479737798063411e-01 7.383869366128555711e+00 -5.141782953869816097e+00
-5.306963305204580372e+00 4.267640306568615927e+00 3.791066800815376325e+01 -1.347434405773639732e+01 -5.003772152025587339e-01 7.179110396651310344e-01 7.382273196236806001e+00 5.442897799661224667e+00 7.622053724438028866e+00 2.231004341722382378e-01
-1.292229241922374428e+00 1.039985067524019513e+01 3.380600646511881191e+00 -1.079663141827914075e+01 2.606347832386514796e+00 3.082074159009908332e+00 5.841572800035923940e+00 -5.979243858386872112e+00 -4.316076674610626718e+00 -6.808071655899789576e+00
7.279666913979953691e+00 -8.978515783083778956e+00 -7.769579092784942631e+00 -9.017458194063488364e+00 2.184466977431794021e-01 2.537906817852541241e+00 1.100767483050298257e+00 -5.207987344554880771e+00 -5.679272399338457511e+00 -3.244850138147370444e-02
-1.292229241922374428e+00 1.039985067524019513e+01 3.380600646511881191e+00 -1.079663141827914075e+01 2.606347832386514796e+00 3.082074159009908332e+00 5.841572800035923940e+00 -5.979243858386872112e+00 -4.316076674610626718e+00 -6.808071655899789576e+00
2.106252529340336910e+00 -8.859866176037085594e+00 -1.202180435021555738e+01 -9.510655704942840849e-01 -2.902862463839815721e+00 -1.072951234318097580e+00 -2.527846038740747314e+00 -6.955653356715684410e+00 -6.305589217640654276e+00 -4.890420857252792075e+00
-6.245347887345024773e+00 -1.372940985805714575e+01 -5.906744033254868853e+00 1.677888194412958667e-01 -3.662892953320261658e+00 -2.073894147418700484e+00 1.755738042777708730e+00 -2.844820910212766396e+00 -1.163724506747403709e+01 -1.593867629939467179e+00
1.571640036772240068e+00 -3.903101345983770010e+00 -1.079767887744748300e+01 1.062594616064979208e-01 6.476745682010070837e+00 3.831797992515622475e+00 -5.429563679422035882e+00 -5.355479737798063411e-01 7.383869366128555711e+00 -5.141782953869816097e+00
1.197464601725701794e+00 6.121208425138930487e+00 1.050443121693121640e+01 1.060671255701943849e+01 7.240639567126833098e-01 2.727312316700888584e+00 -8.213814507546704391e+00 -6.784342446452953368e+00 1.975872141533141146e+01 -2.468008715919452811e+00
1.786074826006349037e+00 1.442645365249258127e+00 1.195846860620230245e+01 1.352906411909003381e+01 -1.729308559537508172e+00 -2.929091161173283275e+00 -2.398755876812985743e+00 -6.285342691268087645e-01 1.142291451204336106e+01 4.164715702144896170e+00
9.704337600111798690e-01 7.603889938096749290e+00 -1.377524487761734129e+01 -6.586797155647488466e+00 -5.957719421836581430e-01 4.381384554661179043e-01 -6.001757985221129132e+00 -5.355015463325223379e+00 -1.429726862468835513e+01 -8.837968396360786016e+00
1.120317222996596529e+00 8.234379418538972928e+00 -1.709142815923967618e+01 -8.374569137800948582e+00 3.333169082342474221e-01 -1.041268217495918691e-01 -6.558674950412404669e+00 -5.126801015233504621e+00 -1.128547509130606130e+01 -4.250967332164236723e+00
1.689057449125879407e+00 -6.985849870847498089e+00 2.290902512353168063e+01 1.338997525618156459e+01 1.952746551353719440e+00 8.116713756114672940e-01 4.307885171695343018e+00 5.504061246259087881e+00 6.779595655280298061e+00 1.982247528116310775e+00
-1.480440704767902460e+00 1.201714574246444123e+01 -1.664256992220867915e+01 -7.701664305948971112e+00 3.147413078125732566e-01 1.747571146284517596e+00 1.805570419333380583e+00 -1.454025585682787280e+00 -9.022919508271236566e+00 -3.298548658263044331e+00
-6.924106674460969169e-01 7.685800845361739242e+00 -6.918405291504914345e+00 -1.291630468995904657e+01 -2.154396555600781027e-01 4.648057591518114928e-01 -2.155071733341320694e+01 -9.209544856133630830e+00 -1.362411928993606480e+01 7.538972887969549674e+00
1.120317222996596529e+00 8.234379418538972928e+00 -1.709142815923967618e+01 -8.374569137800948582e+00 3.333169082342474221e-01 -1.041268217495918691e-01 -6.558674950412404669e+00 -5.126801015233504621e+00 -1.128547509130606130e+01 -4.250967332164236723e+00
-4.184498391214624746e+00 -9.927542143181833367e+00 -1.355323412073878586e+01 -7.024242384499695291e+00 8.785147838381890395e-01 1.038841924347123191e+00 1.718861884277352647e+00 3.482574468776010512e+00 3.214569250216036789e+00 3.076813255991659446e-01
1.571640036772240068e+00 -3.903101345983770010e+00 -1.079767887744748300e+01 1.062594616064979208e-01 6.476745682010070837e+00 3.831797992515622475e+00 -5.429563679422035882e+00 -5.355479737798063411e-01 7.383869366128555711e+00 -5.141782953869816097e+00
-3.202691905111625381e+00 -1.422997949048462019e+01 -1.106872704857828360e+01 -7.924292159419588089e+00 -1.865819181517965220e+00 -5.518643424214887405e-01 1.233933417769579854e+01 1.544583845446685366e+01 5.645218859760822383e+00 -4.302157433637631812e+00
-3.046210173818752587e+00 9.074056899540835275e+00 -1.933304205324971292e+01 -3.963548583319597363e+00 -5.328551943283892089e-02 3.814814190286170970e-01 -5.079193458938472183e+00 -6.904171975158794439e+00 -7.484105687705786991e+00 -3.626764917487648177e-01
2.968514646441948290e+00 1.313357427642130126e+01 -5.055245477164723056e+00 -6.483257390670050135e+00 -2.386290100973799788e+00 -1.756400292778958150e+00 -3.591495171145774101e+00 -2.116101093674260802e+00 -1.055268135058027212e+01 -5.986869226234235342e+00
-3.958125365348757474e-01 5.651626584428729672e+00 -1.267409980464724528e+00 -1.445613449345740342e+01 -9.701089427481883742e-01 -5.672527117026643140e+00 -3.652101413433099242e-01 4.260898584068959494e+00 6.168068858012194511e+00 2.109246893595338790e+00
