2.431711965559237576e-01 -1.230911740572407709e+01 -1.861020216776935143e+01 -1.317804027429280644e+01 3.559505556977468288e+00 3.836663752728000087e+00 1.076689067687741780e-01 1.319745556007918985e+01 1.141034727778643543e+01 -5.369160133577160821e+00
2.471388848062990196e+00 1.156515976032316395e+01 -8.010963555336675368e-01 -3.134065716175061578e+00 8.703552913529599699e-01 2.007387002990585145e+00 -3.425904999878003759e-02 -6.880847850626257589e+00 -3.488680895440107577e+01 -1.005945001120018389e+00
-1.348412840234811449e+00 1.156515976032319060e+01 -1.880436101729744403e+00 -5.366060062423406052e+00 -6.165238838441680258e+01 2.741400852712101610e+01 -2.834538513345366204e-02 6.504687756510668883e+00 2.001393206700698357e+01 -3.346811345881235411e-01
-7.117792255184651751e-01 -1.230911740572412860e+01 3.211876590344746774e+01 1.992987589892499756e+01 -1.257539603676942619e+01 -7.477751699351412817e+00 1.490645608259144050e-01 2.845696615221552150e+01 7.922691267105493296e+01 6.713589463996598283e+00
-3.934624181603398885e-01 -1.230911740572405755e+01 1.357583136858555806e+00 -3.878063835311167828e+00 -1.997055926723691499e+01 1.271204353849092783e+01 6.627325271155799780e-02 1.045342076061609404e+01 1.509881224214501927e+01 2.686006264805293142e+00
2.471388848062990196e+00 1.156515976032316395e+01 -8.010963555336675368e-01 -3.134065716175061578e+00 8.703552913529599699e-01 2.007387002990585145e+00 -3.425904999878003759e-02 -6.880847850626257589e+00 -3.488680895440107577e+01 -1.005945001120018389e+00
-1.985046454951128636e+00 -1.230911740572407531e+01 -1.429284318298494227e+01 1.329922976321773476e+00 -1.257539603676950968e+01 8.037225178050874774e+00 4.853225811564117198e-02 6.504687756510728391e+00 1.470132686328004645e+01 6.713589463996511242e+00
-7.514561080216367039e-02 -1.230911740572418189e+01 3.103942615725143739e+01 -9.020713699266194041e-01 -3.072716032973483280e+01 1.399931236238023935e+01 9.584157703815605889e-02 1.989022336364761046e+01 4.144935826888021779e+01 1.040554072992190981e+01
1.198121618630437757e+00 1.156515976032321369e+01 6.557829803552650105e+01 2.030187491943316758e+01 1.566068175228770265e+01 -6.732490801310279771e+00 -1.651805540285114157e-02 -6.880847850626208739e+00 -8.390404776840242107e+00 -4.026632400513378229e+00
6.675936063668399534e-01 1.156515976032313553e+01 1.646833958360403471e+01 -2.018068543050821617e+00 -4.081147382582675931e+01 2.023240350963357059e+01 3.079126351968194952e-02 1.319745556007923426e+01 2.037394377886125696e+01 3.365827319437357801e-01
-1.454518442687513069e+00 -1.230911740572410551e+01 3.049975628415334583e+01 2.253386926568156312e+01 -7.197095505520513470e+00 4.785177622962215160e+00 3.670492838500736404e-02 6.504687756510671548e+00 1.389737882340308772e+01 2.350374331539420325e+00
1.092016016177678184e+00 1.156515976032316217e+01 -4.039115594121988728e+00 -1.206204310116860690e+01 1.767754445150608689e+01 -3.886949190607661642e+00 4.853225811562660030e-02 -1.880800470577876360e-01 -9.633752378194071042e+00 -1.341576934385949826e+00
-1.985046454951121531e+00 -1.230911740572402913e+01 -1.699119254847519755e+01 -2.768600352490742011e+01 2.887217990571313564e+00 4.581924650769135354e+00 8.992791217281194405e-02 6.504687756510696417e+00 1.663156589991953815e+00 2.686006264805250510e+00
-1.666729647592984254e+00 1.156515976032313553e+01 -3.318128874141677187e+01 -2.247801671327450990e+01 -4.742198414593137290e-01 1.103592625221705426e-01 -6.974103919064424117e-02 -6.546209460447887984e+00 -2.737108177401388787e+01 9.507986777492760666e-04
-4.995680206130792000e-01 1.156515976032313908e+01 -2.238789127945568680e+01 -9.020713699266268426e-01 8.937806088226459167e+00 -8.968273495433775722e+00 -5.200004459472921947e-02 -6.880847850626261142e+00 1.704308240324271040e+01 2.350374331539342165e+00
2.471388848062990196e+00 1.156515976032316395e+01 -8.010963555336675368e-01 -3.134065716175061578e+00 8.703552913529599699e-01 2.007387002990585145e+00 -3.425904999878003759e-02 -6.880847850626257589e+00 -3.488680895440107577e+01 -1.005945001120018389e+00
-3.934624181603292858e-01 1.156515976032323145e+01 1.808734920289813886e+01 1.062989938182355765e+01 -1.526454630239396693e+01 6.207948428313521561e+00 7.136604058429281763e-03 1.886677972048405927e+00 1.928655299372866239e+01 2.350374331539356376e+00
1.516438425988547500e+00 1.156515976032317283e+01 1.646833958360400274e+01 -2.433801200553486055e+01 1.095466878744484696e+01 -2.125423431601315638e+00 7.136604058423001197e-03 -1.880800470577687622e-01 -1.704278169975961532e+01 9.507986777972377013e-04
-3.934624181603292858e-01 1.156515976032323145e+01 1.808734920289813886e+01 1.062989938182355765e+01 -1.526454630239396693e+01 6.207948428313521561e+00 7.136604058429281763e-03 1.886677972048405927e+00 1.928655299372866239e+01 2.350374331539356376e+00
-1.812512132549250754e-01 -1.230911740572404511e+01 -2.959775847925846026e+00 6.909908841942735691e+00 -2.736572249770430787e+01 1.616734406577268857e+01 4.261859325029922207e-02 6.504687756510716845e+00 8.354570610963220290e+00 7.720485263794339303e+00
-1.985046454951119976e+00 1.156515976032314263e+01 -2.940359962973039387e+01 -1.317804027429287217e+01 1.229924392025706936e+01 -4.970965042303896908e+00 -5.200004459471536250e-02 -6.880847850626293116e+00 -3.194322862924541084e+01 -4.697896267045351237e+00
6.675936063668008735e-01 1.156515976032314619e+01 -3.372095861451480658e+01 -2.099002048616224769e+01 2.843414551400406864e+01 -1.059429727297817436e+01 -2.834538513343934710e-02 -6.880847850626287787e+00 -5.128508055134590649e+01 -4.026632400513477705e+00
2.153072040704860246e+00 -1.230911740572400426e+01 -3.499445721023906053e+00 4.677914495694319719e+00 1.767754445150607268e+01 -4.361206125724781835e+00 2.487759865437560308e-02 -1.880800470577876915e-01 -1.850757297709237648e+01 1.007846598475557798e+00
7.736992088195355777e-01 1.156515976032313375e+01 -1.645152267537714152e+01 -9.830048754920232668e+00 2.708957038119181604e+01 -1.235582303198452614e+01 -4.608637972940304167e-02 -6.880847850626321538e+00 -2.825476366488685187e+01 -1.040363913256619099e+01
-3.934624181603215698e-01 1.156515976032316750e+01 1.269065047191765139e+01 1.695388340006056538e+01 -4.507945239895969181e+00 -5.851727921807052368e+00 -5.791370946005213599e-02 -6.880847850626325979e+00 3.308713523130241185e+01 -2.012840800917743422e+00
-1.666729647592984254e+00 1.156515976032313553e+01 -3.318128874141677187e+01 -2.247801671327450990e+01 -4.742198414593137290e-01 1.103592625221705426e-01 -6.974103919064424117e-02 -6.546209460447887984e+00 -2.737108177401388787e+01 9.507986777492760666e-04
1.622544028441238240e+00 1.156515976032320125e+01 -3.911765734549533136e+01 -2.768600352490742367e+01 1.767754445150607623e+01 -7.681004671544515716e+00 -5.200004459475141699e-02 -6.880847850626325979e+00 -3.194322862924543571e+01 -1.107490299909811426e+01
-7.514561080222735556e-02 1.156515976032312487e+01 -2.959775847925876668e+00 -2.099002048616224769e+01 1.834983201791217056e+01 -4.970965042303896020e+00 -4.690725672202650069e-03 -6.880847850626287787e+00 -3.694327545716634376e+01 -4.362264333779371839e+00
-1.030096032876666845e+00 -1.230911740572406998e+01 -1.375317330988689513e+01 1.329922976321763040e+00 -4.618977435707576262e+01 1.914838765793733089e+01 -5.200004459473517304e-02 -1.880800470577829175e-01 1.509881224214496598e+01 -3.019736600715638986e+00
1.410332823535886071e+00 1.156515976032316928e+01 8.176839422846801142e+01 -1.541003462054119666e+01 1.364381905306936815e+01 -3.954700181338639542e+00 7.810058244217167600e-02 6.504687756510744379e+00 1.742359317101648486e+01 1.007846598475651945e+00
-3.934624181603643689e-01 1.156515976032312842e+01 4.595602375446856236e+00 -1.838602708592576107e+01 3.650159631087755230e+01 -1.404959780025991023e+01 3.670492838501227678e-02 -6.546209460447871109e+00 -9.633752378194040844e+00 -7.382951733172749442e+00
-1.985046454951127082e+00 -1.230911740572409485e+01 -1.159449381749471364e+01 -1.317804027429285796e+01 3.045100821322249018e+01 -1.262682699490859228e+01 7.136604058448133871e-03 -6.880847850626304663e+00 -1.026644067572950014e+01 1.007846598475573785e+00
-3.934624181603643689e-01 1.156515976032312842e+01 4.595602375446856236e+00 -1.838602708592576107e+01 3.650159631087755230e+01 -1.404959780025991023e+01 3.670492838501227678e-02 -6.546209460447871109e+00 -9.633752378194040844e+00 -7.382951733172749442e+00
-1.136201635329379345e+00 -1.230911740572409485e+01 -1.105482394439663985e+01 1.329922976321751493e+00 1.229924392025710844e+01 -5.377470986690019217e+00 -2.243172026815533349e-02 -6.880847850626286011e+00 -8.390404776840307832e+00 -2.012840800917821582e+00
2.153072040704860246e+00 -1.230911740572400426e+01 -3.499445721023906053e+00 4.677914495694319719e+00 1.767754445150607268e+01 -4.361206125724781835e+00 2.487759865437560308e-02 -1.880800470577876915e-01 -1.850757297709237648e+01 1.007846598475557798e+00
-1.030096032876666845e+00 -1.230911740572406998e+01 -1.375317330988689513e+01 1.329922976321763040e+00 -4.618977435707576262e+01 1.914838765793733089e+01 -5.200004459473517304e-02 -1.880800470577829175e-01 1.509881224214496598e+01 -3.019736600715638986e+00
-3.934624181603215698e-01 1.156515976032316750e+01 1.269065047191765139e+01 1.695388340006056538e+01 -4.507945239895969181e+00 -5.851727921807052368e+00 -5.791370946005213599e-02 -6.880847850626325979e+00 3.308713523130241185e+01 -2.012840800917743422e+00
-2.197257659856565404e+00 1.156515976032319770e+01 1.700800945670203390e+01 3.257784382379939103e+01 -2.333199709926750032e+01 8.308229140974987104e+00 -2.243172026814518882e-02 -1.880800470576911576e-01 2.073154736760136174e+01 3.692902064603075019e+00
-1.985046454951119976e+00 1.156515976032314263e+01 -2.940359962973039387e+01 -1.317804027429287217e+01 1.229924392025706936e+01 -4.970965042303896908e+00 -5.200004459471536250e-02 -6.880847850626293116e+00 -3.194322862924541084e+01 -4.697896267045351237e+00
1.622544028441238240e+00 1.156515976032320125e+01 -3.911765734549533136e+01 -2.768600352490742367e+01 1.767754445150607623e+01 -7.681004671544515716e+00 -5.200004459475141699e-02 -6.880847850626325979e+00 -3.194322862924543571e+01 -1.107490299909811426e+01
-1.454518442687513069e+00 -1.230911740572410551e+01 3.049975628415334583e+01 2.253386926568156312e+01 -7.197095505520513470e+00 4.785177622962215160e+00 3.670492838500736404e-02 6.504687756510671548e+00 1.389737882340308772e+01 2.350374331539420325e+00
3.492767990086312335e-01 1.156515976032313908e+01 -3.156227912212260733e+01 -2.285001577842255216e+01 -1.146507407865402728e+00 3.972165734190055808e+00 7.136604058439518367e-03 -9.912121834860301295e-01 -1.704278169975965795e+01 -4.026632400513484811e+00
-6.056736230657860931e-01 1.156515976032310711e+01 -1.051515407129858737e+01 -2.322201483241063968e+01 -1.055853333755115386e+01 -1.854419468677244165e+00 -1.880143364969469599e-01 -1.357361565419479632e+01 -2.397555747237363377e+01 6.042325597464568432e+00
1.622544028441238240e+00 1.156515976032320125e+01 -3.911765734549533136e+01 -2.768600352490742367e+01 1.767754445150607623e+01 -7.681004671544515716e+00 -5.200004459475141699e-02 -6.880847850626325979e+00 -3.194322862924543571e+01 -1.107490299909811426e+01
3.095999165049887272e-02 -1.230911740572411084e+01 -1.537218292918105789e+01 -6.110058181559561596e+00 -1.593683386880013408e+01 9.595497964864270202e+00 2.487759865436526760e-02 3.894508313119010356e+00 6.989521036410410559e+00 2.350374331539342165e+00
-1.030096032876666845e+00 -1.230911740572406998e+01 -1.375317330988689513e+01 1.329922976321763040e+00 -4.618977435707576262e+01 1.914838765793733089e+01 -5.200004459473517304e-02 -1.880800470577829175e-01 1.509881224214496598e+01 -3.019736600715638986e+00
2.431711965559237576e-01 -1.230911740572407709e+01 -1.861020216776935143e+01 -1.317804027429280644e+01 3.559505556977468288e+00 3.836663752728000087e+00 1.076689067687741780e-01 1.319745556007918985e+01 1.141034727778643543e+01 -5.369160133577160821e+00
-7.514561080221519862e-02 1.156515976032315862e+01 -3.426062848761284130e+01 -7.598054408671877979e+00 1.980677249468686674e-01 1.103592625221894163e-01 -4.017271486411114895e-02 -6.880847850626336637e+00 -1.221071083682721969e+01 6.722146652096583352e-01
1.516438425988554828e+00 1.156515976032313908e+01 -5.118455340318077695e+00 -1.987402331303800196e+01 -4.742198414593144506e-01 2.075137993721619001e+00 -1.651805540284227020e-02 -1.880800470577882189e-01 -1.491820264200076984e+01 -4.026632400513435073e+00
-1.772835250045686317e+00 1.156515976032313908e+01 8.179132637605159850e-01 -2.768600352490742722e+01 -3.745003599379617754e+01 1.752236388039298731e+01 -4.690725672222150096e-03 6.504687756510714181e+00 1.470132686328005356e+01 2.350374331539347494e+00
