-2.686145472436948456e+00 -1.171743995591022269e+01 -4.058262920177392097e+00 -2.074901109065907523e+00 -2.916272755924594340e-01 2.406786927430332845e+00 9.033465340780164610e+00 2.831756590275136176e+01 3.396092641562438619e+00 -4.306250453729660421e+00
1.294333728604750533e+01 2.503492363265716669e+00 -3.950026264827860789e+00 -7.675133692467592361e+00 -9.739211755983930852e-01 -1.162829233670597340e+01 -3.032131875727951176e+00 -1.351745113510346563e+01 -5.302019263566678298e+00 -5.348570279703587005e+00
-3.345039485755503694e+00 2.136029624556426310e+00 -3.300556293569000488e+00 -1.862386858607831153e+00 8.089357482017624079e+01 1.049991874301442785e+01 -9.662184344937762015e-01 9.463482924116503270e+00 -4.841705956943802014e-01 1.284649181868616097e+00
-1.150405139615334305e+00 -1.666020596757216587e+00 6.957077029099647980e+00 1.062067168903610970e+01 -1.220019877639640232e-01 -5.011960478220446324e-01 2.786174153912606144e+01 1.439846186554110297e+01 1.208040001473874447e+01 1.634055526002860859e+01
-6.799986283474106052e+00 -1.341278730712236245e+00 -5.592299470065304590e+00 -2.038609192932623326e+00 -7.907796121281810420e-01 1.652833388576000218e+01 2.814554794388117731e+00 1.089117158741255231e+01 -3.818553403138108759e+00 -3.199936616165052428e+00
1.294333728604750533e+01 2.503492363265716669e+00 -3.950026264827860789e+00 -7.675133692467592361e+00 -9.739211755983930852e-01 -1.162829233670597340e+01 -3.032131875727951176e+00 -1.351745113510346563e+01 -5.302019263566678298e+00 -5.348570279703587005e+00
-5.559644508425879650e+00 -3.113539087604140221e+00 -1.203348219732663260e+01 -1.281590380795204265e+00 -2.507954107770188901e-01 5.070858991465563292e+00 3.704965358125842378e+00 1.163897960576198320e+00 -4.338895787779649460e+00 1.895750868815263956e+01
-1.323840458491189809e+00 -3.118997003416185354e+00 5.520435953130501616e+00 -1.552752817232300853e+00 -1.285454739023725035e-01 6.033442256972705309e+00 3.543458319942781820e+00 1.055975178078197452e+01 1.187599877533077120e+01 3.471033229249504615e+01
2.086948000168282302e+00 1.454162513071815210e+00 1.251007058516350270e+02 2.045290138518419454e+01 -4.144277744508800126e-02 -8.110547320580968611e-01 -1.704137140952381557e+00 2.726173450535949172e+00 -8.454421805110980959e-01 9.004692559831255494e-01
-1.904171372487477587e+00 1.372032700695574370e+01 2.581109587488173984e-01 -2.881072688366817847e+00 -2.236899008895168184e-01 1.064896841573947661e+01 3.592534500422805088e+00 4.258471125489534614e+01 -2.527062376574445990e-01 -3.295156883177796203e+00
-4.959009703712795591e+00 -1.870198807592486911e+00 3.770796735715646975e+01 4.375843958392382405e+01 -3.418217929285696788e-01 1.492293667530351531e+00 2.435616198005933875e+00 1.349023724727688744e+01 -1.156609720366450489e+00 -1.987630403681436064e+00
-2.775494701391946761e-01 1.265178820759559031e+01 -3.539152950580015222e+00 -7.004968157101302495e+00 -9.808149928817674335e-01 -2.365665857029662700e+00 1.596641739477087540e+01 -2.533280207714116550e+00 -2.834685834248939162e+00 -3.724342968598202575e+00
-5.568541204401327605e+00 -7.505889284359720248e-01 -6.343509438284150370e+00 -2.433066393357034674e+00 -7.744255525991499134e-01 1.916622212518699575e+00 1.196642994753889155e+01 1.048170528695817794e+01 -6.612656996695370992e+00 -4.996018640964384971e+00
3.007934444349069647e+00 3.892242145641561013e+00 -8.306812659348048911e+00 -7.289340738925555563e+00 -5.122055766236380814e-01 -3.625485368453459145e+00 -1.153619483318794714e+01 -8.273914093639975320e+00 -1.159006360964589710e+01 -5.446876084554396868e+00
-5.962400334210056663e+00 3.580627414763375427e+00 -6.448081386110075641e+00 -5.406971780522202842e+00 -1.141096276553300815e+00 -2.730201918846606901e+00 -1.022452344701466131e+01 -7.805166246685206310e+00 -2.136041478599128407e+00 -4.906860920610427002e+00
1.294333728604750533e+01 2.503492363265716669e+00 -3.950026264827860789e+00 -7.675133692467592361e+00 -9.739211755983930852e-01 -1.162829233670597340e+01 -3.032131875727951176e+00 -1.351745113510346563e+01 -5.302019263566678298e+00 -5.348570279703587005e+00
-5.645704208945985236e+00 1.558124223903299077e+00 4.214417330356702074e+00 -8.706687952462260682e+00 -8.225584543397861381e-01 7.018272932514755702e+00 6.072297633612487644e+00 2.858517673809485959e+00 -1.606738224898593748e+00 -8.053990661271724250e+00
-1.539038871677145703e+00 1.250484769768059046e+01 2.139885589292992663e+00 -8.450848014867549551e+00 -9.663205744030110012e-01 -2.610520658866853694e+00 1.473096912071772913e+01 -1.408443694876186036e+00 -2.694145647905116903e+00 -6.348639781022182405e+00
-5.645704208945985236e+00 1.558124223903299077e+00 4.214417330356702074e+00 -8.706687952462260682e+00 -8.225584543397861381e-01 7.018272932514755702e+00 6.072297633612487644e+00 2.858517673809485959e+00 -1.606738224898593748e+00 -8.053990661271724250e+00
-6.373664152914129133e+00 -3.579714794176443782e+00 -1.180917586031214483e+01 -1.411615036607399176e+00 -2.784116999018115268e-01 7.159173933629158881e+00 1.237539974831801004e+00 1.528501578757110790e+00 -2.616242044388992216e+00 1.846289172669456846e+01
4.576774003436514526e+00 3.892242145641569007e+00 -8.294272527147874996e+00 -7.165725330490753109e+00 -5.104141291664574531e-01 -3.375204693431283154e+00 -1.153619483318795425e+01 -9.452537524427059523e+00 -1.185401165955002334e+01 -5.961371826064961965e+00
-2.160720408870514309e+00 3.580627414763439376e+00 -9.136702690903657498e+00 -1.258097636008110776e+01 2.343166226488573312e+00 -3.584766823287886872e+00 -1.277357729325411384e+01 -1.030396261759935683e+01 -9.385472289127662293e+00 -6.178331532515997537e+00
2.419416676296213353e+01 -2.995427684790224365e+00 -4.720864233886238104e+00 -5.716368529373352381e+00 -8.310841501317144386e-01 -1.158100697776408872e+01 2.791570409688639121e+00 -4.359979663902640468e+00 -4.864673930152804360e+00 -1.097048377037991074e+00
-1.984449893109927698e+00 3.796244348978081273e+00 -8.917435637528935644e+00 -1.145271070065398611e+01 2.452672049592136361e+00 -2.315860172808956730e+00 -1.277154033116052112e+01 -9.437747185250779935e+00 -1.666429462826154051e+01 -2.885594224183861911e+00
-8.889621917189748146e+00 7.352887569885820929e-01 -1.197693903101174229e+01 7.600617664029983622e+00 -8.768817927644680932e-01 -1.232893568175140508e+00 -1.564545865863265384e+00 -3.250848476134818643e+00 1.647557033726233300e+01 -7.612227187412344165e+00
3.007934444349069647e+00 3.892242145641561013e+00 -8.306812659348048911e+00 -7.289340738925555563e+00 -5.122055766236380814e-01 -3.625485368453459145e+00 -1.153619483318794714e+01 -8.273914093639975320e+00 -1.159006360964589710e+01 -5.446876084554396868e+00
-1.974686798070237170e+00 3.923718381083832973e+00 -4.108787965051018176e+00 -1.039865086142081019e+01 -9.097096830820869950e-01 -3.393129814376703024e+00 -1.204683730547431786e+01 -9.089566405856880138e+00 -1.614222354487064948e+01 -1.040842377269413532e+00
-3.290784173044769556e+00 3.647914612928790046e+00 2.564195717756386633e-02 -7.480568465376101095e+00 -1.311419132796814768e+00 -3.191593715399795972e+00 -1.071866890855150523e+01 -9.145058759589375086e+00 -6.392183592038827022e+00 -5.935107308808561299e+00
-6.861826762912762945e+00 -4.653619478832776157e-01 -6.041665604996537375e+00 -2.168025888644080634e+00 -8.716429206243815342e-01 3.267583655812386922e+01 -2.005933147326196320e+00 -2.356230697214665992e-01 -4.030660375011854590e+00 -3.342479882058249530e+00
-1.281304939959563738e+00 1.333114423610033850e+00 8.978841241257597972e+01 -3.690537650642989220e+00 -3.462404135767241931e-01 -8.489733597523746456e-01 6.750653879623968123e+00 8.957809272358110420e+00 -1.199457149906101305e-01 -3.723704283634106105e+00
-1.135274403940571331e+00 1.286740514181027173e+01 -4.106949503337112617e+00 -2.428370938185300698e+00 -3.542712025611055582e-01 -1.138108523060749278e+00 1.572738956574502467e+01 -3.415876213989359034e+00 -9.815711499343738211e+00 -8.424872590640930525e-01
-4.472231574053284753e+00 -1.226042048157480124e+01 -6.696105918439424265e+00 -6.643288367791303273e+00 -9.271122485216338749e-01 -7.724275401130440422e+00 4.988413550003984120e+00 -5.447695060945696888e+00 -1.001381791375377261e+01 -6.428627402626347020e+00
-1.135274403940571331e+00 1.286740514181027173e+01 -4.106949503337112617e+00 -2.428370938185300698e+00 -3.542712025611055582e-01 -1.138108523060749278e+00 1.572738956574502467e+01 -3.415876213989359034e+00 -9.815711499343738211e+00 -8.424872590640930525e-01
-5.769465023846047202e+00 -1.271378117213823877e+00 -8.749808813958056319e+00 -3.786067825988580715e+00 -1.290252328383464597e+00 -3.930781965019315205e+00 -5.260458918010742835e+00 -9.195494594264372878e+00 -1.027911589823919591e+01 -5.710392889464678490e+00
2.419416676296213353e+01 -2.995427684790224365e+00 -4.720864233886238104e+00 -5.716368529373352381e+00 -8.310841501317144386e-01 -1.158100697776408872e+01 2.791570409688639121e+00 -4.359979663902640468e+00 -4.864673930152804360e+00 -1.097048377037991074e+00
-6.861826762912762945e+00 -4.653619478832776157e-01 -6.041665604996537375e+00 -2.168025888644080634e+00 -8.716429206243815342e-01 3.267583655812386922e+01 -2.005933147326196320e+00 -2.356230697214665992e-01 -4.030660375011854590e+00 -3.342479882058249530e+00
-8.889621917189748146e+00 7.352887569885820929e-01 -1.197693903101174229e+01 7.600617664029983622e+00 -8.768817927644680932e-01 -1.232893568175140508e+00 -1.564545865863265384e+00 -3.250848476134818643e+00 1.647557033726233300e+01 -7.612227187412344165e+00
1.388857142643652942e+01 1.282868545786471248e+00 -1.339641216390653788e+01 1.786482158293583211e+01 -2.184741442155752611e-01 3.387248440364684310e+00 -2.418981295055402381e+00 -1.306105092731454920e-01 -1.221135698809352188e-01 4.598236531241981595e+01
4.576774003436514526e+00 3.892242145641569007e+00 -8.294272527147874996e+00 -7.165725330490753109e+00 -5.104141291664574531e-01 -3.375204693431283154e+00 -1.153619483318795425e+01 -9.452537524427059523e+00 -1.185401165955002334e+01 -5.961371826064961965e+00
-1.974686798070237170e+00 3.923718381083832973e+00 -4.108787965051018176e+00 -1.039865086142081019e+01 -9.097096830820869950e-01 -3.393129814376703024e+00 -1.204683730547431786e+01 -9.089566405856880138e+00 -1.614222354487064948e+01 -1.040842377269413532e+00
-4.959009703712795591e+00 -1.870198807592486911e+00 3.770796735715646975e+01 4.375843958392382405e+01 -3.418217929285696788e-01 1.492293667530351531e+00 2.435616198005933875e+00 1.349023724727688744e+01 -1.156609720366450489e+00 -1.987630403681436064e+00
-7.687882412334147375e+00 1.258450100943019834e+01 -6.841185969878432971e+00 -4.171423329034630534e+00 -1.127749972413400803e+00 2.481312972667184091e+00 2.084408967866719209e+01 -3.473649526672421217e+00 -3.147605013173264688e+00 -4.102662273185011088e+00
-3.709134197030048430e+00 2.836316531019191789e+00 -8.910090535632414488e-01 -3.927981885116059058e+00 -6.701799555926589713e-01 -1.715821054377537402e+00 -3.568006376777616673e+00 5.150604798806746487e+01 -2.882449899627650414e+00 1.008415015286098821e+02
-1.974686798070237170e+00 3.923718381083832973e+00 -4.108787965051018176e+00 -1.039865086142081019e+01 -9.097096830820869950e-01 -3.393129814376703024e+00 -1.204683730547431786e+01 -9.089566405856880138e+00 -1.614222354487064948e+01 -1.040842377269413532e+00
-6.010142328640733389e+00 1.904823127769523228e-01 -5.726843771781472192e+00 -2.592015505343782777e+00 -8.365033015457575827e-01 1.306244172540425552e+01 5.642687335527246439e+00 -1.063287178473325767e+00 -3.807791664791959074e-01 -5.400089829165805710e+00
-6.861826762912762945e+00 -4.653619478832776157e-01 -6.041665604996537375e+00 -2.168025888644080634e+00 -8.716429206243815342e-01 3.267583655812386922e+01 -2.005933147326196320e+00 -2.356230697214665992e-01 -4.030660375011854590e+00 -3.342479882058249530e+00
-2.686145472436948456e+00 -1.171743995591022269e+01 -4.058262920177392097e+00 -2.074901109065907523e+00 -2.916272755924594340e-01 2.406786927430332845e+00 9.033465340780164610e+00 2.831756590275136176e+01 3.396092641562438619e+00 -4.306250453729660421e+00
-7.487893129963437033e+00 3.580627414763448702e+00 -1.127818740376899420e+01 -1.147112459505540372e+01 -2.242826068446426735e+00 -4.755741331685114481e+00 -1.437625164911542441e+01 -1.002297855481799971e+01 -9.679172400857492420e+00 -6.800109831912024561e+00
-3.837410011078418393e+00 3.647914612928786049e+00 2.920993415949811323e-01 -1.097916535011250261e+01 -1.301627246259404735e+00 -2.930308203641668108e+00 -1.070094582073279632e+01 -7.139822523709523416e+00 -5.395116452344953295e+00 -5.447445832143898770e+00
-4.680947653991180069e+00 2.398602305259468270e+00 -5.181982044930546039e+00 -2.395561484817633868e+00 -7.742015550318723793e-01 1.737297716026306915e+01 -1.328463077090639155e+00 9.625707393054632632e+00 -4.538440930956198827e+00 -3.845073152814039830e+00
