-1.349755041642973552e+00 -1.011066044061694758e+00 -1.023437879950312990e+00 3.487870552732710294e-01 -1.729975225990022514e-01 -4.235660721598597314e-03 6.803364932940683119e-01 8.974379087634406504e-01 -4.991695214321087426e-01 2.327043579020550812e+00 6.843102083443515227e-01 2.761955224419891941e-01
-1.349755041642973552e+00 -1.011066044061694758e+00 -1.023437879950312990e+00 3.487870552732710294e-01 -1.729975225990022514e-01 -4.235660721598597314e-03 6.803364932940683119e-01 8.974379087634406504e-01 -4.991695214321087426e-01 -3.834398423917327325e-01 -2.272277135636077805e+00 2.761955224419891941e-01
-1.349755041642973552e+00 9.890550729829470367e-01 -1.023437879950312990e+00 3.487870552732710294e-01 -1.729975225990022514e-01 -4.235660721598597314e-03 6.803364932940683119e-01 8.974379087634406504e-01 -4.991695214321087426e-01 1.058154492819313397e+00 1.480602451259853680e+00 2.761955224419891941e-01
-1.349755041642973552e+00 -1.011066044061694758e+00 -1.023437879950312990e+00 3.487870552732710294e-01 -1.729975225990022514e-01 -4.235660721598597314e-03 6.803364932940683119e-01 8.974379087634406504e-01 -4.991695214321087426e-01 2.799579214004381367e+00 1.212546132155468470e+00 2.761955224419891941e-01
-1.349755041642973552e+00 9.890550729829470367e-01 -1.023437879950312990e+00 3.487870552732710294e-01 -1.729975225990022514e-01 -4.235660721598597314e-03 6.803364932940683119e-01 8.974379087634406504e-01 5.619418280383201569e-01 -3.834398423917327325e-01 6.843102083443515227e-01 2.636613592896612346e+00
-1.349755041642973552e+00 -1.011066044061694758e+00 -1.023437879950312990e+00 1.071424517937834553e+00 -1.729975225990022514e-01 -4.235660721598597314e-03 6.803364932940683119e-01 8.974379087634406504e-01 -4.991695214321087426e-01 -3.834398423917327325e-01 -6.615752735330002743e-01 4.219427551621166117e+00
-1.349755041642973552e+00 -1.011066044061694758e+00 -1.313775311491065745e+00 3.487870552732710294e-01 -1.729975225990022514e-01 -1.002343982965441693e+00 -1.469860884807188794e+00 8.974379087634406504e-01 -4.991695214321087426e-01 -3.834398423917327325e-01 -2.495489977250696434e+00 2.761955224419891941e-01
1.354228293221906076e+00 -1.011066044061694758e+00 4.282492777534499528e-01 1.360479503003659829e+00 -1.729975225990022514e-01 -4.235660721598597314e-03 6.803364932940683119e-01 2.459415781264456591e+00 -4.991695214321087426e-01 -3.834398423917327325e-01 6.843102083443515227e-01 2.761955224419891941e-01
-4.484272633546804165e-01 9.890550729829470367e-01 -1.023437879950312990e+00 -8.074328849900305194e-01 -1.729975225990022514e-01 -4.235660721598597314e-03 6.803364932940683119e-01 8.974379087634406504e-01 9.186095660828810239e-01 7.373239181093835803e-01 6.843102083443515227e-01 7.134654227384686909e-01
-1.349755041642973552e+00 -1.011066044061694758e+00 -1.023437879950312990e+00 3.487870552732710294e-01 -1.729975225990022514e-01 -4.235660721598597314e-03 6.803364932940683119e-01 2.459415781264456591e+00 -4.991695214321087426e-01 -3.834398423917327325e-01 -1.922925387363348726e+00 3.219297797129880401e+00
