-1.349755041642973552e+00 9.890550729829470367e-01 -1.604112743031818278e+00 3.487870552732710294e-01 -1.729975225990022514e-01 -4.235660721598597314e-03 6.803364932940683119e-01 8.974379087634406504e-01 -4.991695214321087426e-01 -3.834398423917327325e-01 6.843102083443515227e-01 2.761955224419891941e-01
-1.349755041642973552e+00 -1.011066044061694758e+00 1.008924140834955185e+00 3.487870552732710294e-01 -1.729975225990022514e-01 9.938726615222445160e-01 6.803364932940683119e-01 8.974379087634406504e-01 -4.991695214321087426e-01 -3.834398423917327325e-01 6.843102083443515227e-01 2.761955224419891941e-01
-4.484272633546804165e-01 -1.011066044061694758e+00 -1.023437879950312990e+00 3.487870552732710294e-01 -1.729975225990022514e-01 -4.235660721598597314e-03 -1.469860884807188794e+00 8.974379087634406504e-01 -4.991695214321087426e-01 -3.834398423917327325e-01 6.843102083443515227e-01 2.761955224419891941e-01
-1.349755041642973552e+00 -1.011066044061694758e+00 -1.023437879950312990e+00 3.487870552732710294e-01 -1.729975225990022514e-01 1.492926822644166096e+00 6.803364932940683119e-01 8.974379087634406504e-01 -4.991695214321087426e-01 1.402198947090286030e+00 1.558549403180173876e-01 2.761955224419891941e-01
-1.349755041642973552e+00 -1.011066044061694758e+00 -1.524255853280552520e-01 3.487870552732710294e-01 -1.729975225990022514e-01 -4.235660721598597314e-03 -1.469860884807188794e+00 8.974379087634406504e-01 -4.991695214321087426e-01 -3.834398423917327325e-01 6.843102083443515227e-01 -1.168405508351742395e+00
-1.349755041642973552e+00 -1.011066044061694758e+00 -1.023437879950312990e+00 3.487870552732710294e-01 -1.729975225990022514e-01 -4.235660721598597314e-03 6.803364932940683119e-01 8.974379087634406504e-01 8.851285359784233364e-02 1.883100679255211407e+00 -1.373077466075661723e+00 2.761955224419891941e-01
-1.349755041642973552e+00 9.890550729829470367e-01 -1.023437879950312990e+00 3.487870552732710294e-01 -1.729975225990022514e-01 9.938726615222445160e-01 6.803364932940683119e-01 -6.645399637375751789e-01 -4.991695214321087426e-01 -3.834398423917327325e-01 6.843102083443515227e-01 4.742014850427105355e-01
4.529005149336128300e-01 -1.011066044061694758e+00 -1.524255853280552520e-01 3.487870552732710294e-01 -1.729975225990022514e-01 -4.235660721598597314e-03 6.803364932940683119e-01 8.974379087634406504e-01 -4.991695214321087426e-01 1.488035298748340285e+00 1.273741905070718161e+00 2.761955224419891941e-01
-4.484272633546804165e-01 -1.011066044061694758e+00 -1.313775311491065745e+00 3.487870552732710294e-01 -1.729975225990022514e-01 -5.032898218435202242e-01 6.803364932940683119e-01 8.974379087634406504e-01 2.098309760837512083e+00 -3.834398423917327325e-01 1.753710591845424105e+00 -8.410735075576234454e-01
-4.484272633546804165e-01 9.890550729829470367e-01 -4.427630168688078682e-01 1.071424517937834553e+00 -1.729975225990022514e-01 -4.235660721598597314e-03 6.803364932940683119e-01 -6.645399637375751789e-01 -4.991695214321087426e-01 -3.834398423917327325e-01 -1.444920577063326661e-01 -9.896905371378550420e-02
