4.529005149336128300e-01 -1.011066044061694758e+00 -1.023437879950312990e+00 9.268970254049218038e-01 -1.729975225990022514e-01 -4.235660721598597314e-03 6.803364932940683119e-01 8.974379087634406504e-01 -4.991695214321087426e-01 -3.834398423917327325e-01 6.843102083443515227e-01 2.761955224419891941e-01
-1.349755041642973552e+00 9.890550729829470367e-01 -1.023437879950312990e+00 3.487870552732710294e-01 -1.729975225990022514e-01 -4.235660721598597314e-03 6.803364932940683119e-01 8.974379087634406504e-01 5.684857610861100419e-01 -6.247822017193183086e-02 1.243159321252695015e+00 2.761955224419891941e-01
1.354228293221906076e+00 -1.011066044061694758e+00 -1.023437879950312990e+00 3.487870552732710294e-01 -1.729975225990022514e-01 -4.235660721598597314e-03 6.803364932940683119e-01 8.974379087634406504e-01 -4.991695214321087426e-01 1.166098619543821435e+00 6.843102083443515227e-01 2.761955224419891941e-01
-1.349755041642973552e+00 -1.011066044061694758e+00 -1.023437879950312990e+00 3.487870552732710294e-01 -1.729975225990022514e-01 -4.235660721598597314e-03 6.803364932940683119e-01 8.974379087634406504e-01 -1.569060862033018866e+00 2.958316989949743014e+00 6.843102083443515227e-01 2.761955224419891941e-01
-1.349755041642973552e+00 9.890550729829470367e-01 -1.023437879950312990e+00 2.042595627403583358e-01 -1.729975225990022514e-01 -4.235660721598597314e-03 6.803364932940683119e-01 8.974379087634406504e-01 -3.485032221452972756e-01 -3.834398423917327325e-01 -2.614405069703460871e+00 2.761955224419891941e-01
-1.349755041642973552e+00 9.890550729829470367e-01 -1.023437879950312990e+00 9.268970254049218038e-01 -1.729975225990022514e-01 -4.235660721598597314e-03 6.803364932940683119e-01 4.021393653765472642e+00 -4.991695214321087426e-01 -3.834398423917327325e-01 6.843102083443515227e-01 2.761955224419891941e-01
-1.349755041642973552e+00 -1.011066044061694758e+00 -1.023437879950312990e+00 7.823695328720090547e-01 -1.729975225990022514e-01 -4.235660721598597314e-03 6.803364932940683119e-01 8.974379087634406504e-01 1.469000857023764706e+00 -3.834398423917327325e-01 -2.142119640313858930e+00 2.761955224419891941e-01
-1.349755041642973552e+00 -1.011066044061694758e+00 -1.023437879950312990e+00 3.487870552732710294e-01 -1.729975225990022514e-01 -4.235660721598597314e-03 -1.469860884807188794e+00 8.974379087634406504e-01 -1.288615991184202780e+00 -2.022581360438548970e-01 -2.366435941153250067e+00 2.761955224419891941e-01
1.354228293221906076e+00 9.890550729829470367e-01 -4.427630168688078682e-01 3.487870552732710294e-01 -1.729975225990022514e-01 -4.235660721598597314e-03 6.803364932940683119e-01 8.974379087634406504e-01 -2.138455215141656929e-01 -1.728832889674517759e+00 6.843102083443515227e-01 2.761955224419891941e-01
-4.484272633546804165e-01 -1.011066044061694758e+00 -1.313775311491065745e+00 3.487870552732710294e-01 -1.729975225990022514e-01 -5.032898218435202242e-01 -1.469860884807188794e+00 8.974379087634406504e-01 5.902119837800037239e-01 -3.834398423917327325e-01 -1.119662228678286020e+00 2.761955224419891941e-01
