4.529005149336128300e-01 9.890550729829470367e-01 -1.023437879950312990e+00 3.487870552732710294e-01 -1.729975225990022514e-01 -5.032898218435202242e-01 6.803364932940683119e-01 8.974379087634406504e-01 -4.991695214321087426e-01 -3.834398423917327325e-01 -2.498621051781960478e+00 -1.382771146733641654e+00
1.354228293221906076e+00 -1.011066044061694758e+00 1.589599003916460473e+00 -3.738504073912924386e-01 -1.729975225990022514e-01 4.948185004003229914e-01 6.803364932940683119e-01 8.974379087634406504e-01 2.746489542353791613e-01 -6.582966098585893988e-01 1.276029261962912997e+00 -1.141629319870995918e+00
1.354228293221906076e+00 9.890550729829470367e-01 -1.604112743031818278e+00 3.487870552732710294e-01 -1.729975225990022514e-01 -5.032898218435202242e-01 6.803364932940683119e-01 8.974379087634406504e-01 -1.234698316407511154e+00 -1.832863423838897443e+00 1.033224315180212294e+00 -1.079781442766000632e+00
4.529005149336128300e-01 -1.011066044061694758e+00 -1.604112743031818278e+00 -2.293229148583797172e-01 -1.729975225990022514e-01 -4.235660721598597314e-03 -1.469860884807188794e+00 8.974379087634406504e-01 -1.265896587457739475e+00 6.058683631692134419e-01 -1.513532821260850092e+00 1.229143119191732358e+00
-1.349755041642973552e+00 -1.011066044061694758e+00 -1.023437879950312990e+00 3.487870552732710294e-01 5.780429597930522689e+00 -4.235660721598597314e-03 -1.469860884807188794e+00 8.974379087634406504e-01 2.137595330513519798e-02 -1.426930151075258113e+00 6.843102083443515227e-01 1.953602398928781847e+00
-4.484272633546804165e-01 -1.011066044061694758e+00 -4.427630168688078682e-01 6.378420403390964166e-01 -1.729975225990022514e-01 4.948185004003229914e-01 6.803364932940683119e-01 -6.645399637375751789e-01 2.582701691383407105e+00 1.947493942276258938e+00 -1.453606188498268503e+00 9.694964828339536211e-02
1.354228293221906076e+00 9.890550729829470367e-01 -1.023437879950312990e+00 4.933145478061837230e-01 -1.729975225990022514e-01 -5.032898218435202242e-01 6.803364932940683119e-01 8.974379087634406504e-01 -2.043051542765503381e+00 2.800136336579333030e+00 1.744463930257808215e+00 -1.448039270229542597e+00
1.354228293221906076e+00 -1.011066044061694758e+00 -1.023437879950312990e+00 -2.293229148583797172e-01 -1.729975225990022514e-01 -5.032898218435202242e-01 -1.469860884807188794e+00 -6.645399637375751789e-01 -2.462007486378896104e+00 -1.062015331518762595e+00 -2.622166986719060677e+00 1.796744693576723950e-01
1.354228293221906076e+00 -1.011066044061694758e+00 -1.313775311491065745e+00 -2.293229148583797172e-01 -1.729975225990022514e-01 -1.002343982965441693e+00 -1.469860884807188794e+00 -6.645399637375751789e-01 -1.823599802538486969e+00 -1.516050172096865545e-01 -3.042448367068442572e+00 2.761955224419891941e-01
4.529005149336128300e-01 -1.011066044061694758e+00 -1.604112743031818278e+00 -2.293229148583797172e-01 -1.729975225990022514e-01 -1.501398144087363384e+00 -1.469860884807188794e+00 8.974379087634406504e-01 -1.236207804123760967e+00 2.646943083305673294e+00 -2.619486487917247253e+00 8.622786218302371797e-01
