-6.588553434533849229e-01 8.227547749959944667e+01 -7.209335180366792883e+00 -1.859684342736141502e+02 1.422447749932156214e+01 1.429087154122811576e+01 -5.548754751361513193e+00 1.678458079253318136e+00 -1.874790465234971748e+01 -2.248697720244257070e+00 3.628784928947496713e+00 -1.000915674379745290e+01
9.090304265828672570e+00 8.322691343870899061e+01 6.839404429878012115e-01 -6.803942634120637045e+00 -1.598088858202749130e+01 8.836603738529415608e+00 3.888354141851883217e+00 -2.742259152610176387e-01 2.848143828743445738e+01 6.622536769362760367e+00 -2.871382786693368416e+01 -6.579637915360859735e-01
2.140599431432594812e+01 -8.417170513453785929e+01 4.872200654741267734e+00 5.524698582185328632e+01 -1.513836178130529397e+01 5.976767275639526034e+00 -9.074372662819971680e+00 3.960702629989225620e+00 3.382433699243203762e+01 1.627312984598619749e+01 2.136673697461894061e+00 -8.909679365418258001e+00
2.545325718832528450e-01 7.982489035260091725e+01 1.734938552074310891e+01 -1.005424059623710349e+02 3.400107988063138009e+01 -9.573490922088048194e+00 -9.116239709171937433e-02 -3.320557575569130648e+01 3.521439533585126469e+01 1.478225396917876644e+01 -5.002933025676546741e+00 4.340336809089714976e+00
1.539801962746194341e+01 -8.161401517852080190e+01 5.850889680416623939e+00 1.220581768894949874e+02 -2.388118717500649524e+01 4.243645799592544954e+00 -6.542120535688574767e-01 2.150160409519327409e+00 3.537314949748917314e+01 3.562236904241814273e+00 9.620043307756358075e+00 -4.643049273229711282e+00
-2.742425384777313013e+01 -8.492357307376465769e+01 -7.614882092632241140e+00 -9.999411415589716512e+01 -2.032762038764909907e+00 7.662890781934329709e+00 -2.517050082043539305e-01 3.945209938905233749e+00 -5.231129069429504597e+01 -1.828362235664722135e+01 -2.409370019202996360e+01 7.442744617998713341e-01
-3.016686348378507887e+01 7.884018346142450184e+01 3.726944351645476328e+00 5.983204038480652542e+01 2.522387165576066081e+01 -5.904139361930534236e+00 -4.983412914792276993e+00 1.274669479090882795e+01 -5.389593259971636741e+01 -2.330995145004222380e+01 1.447967628080477986e+01 -6.885011729089556276e+00
-4.266356805031934485e+00 -8.098063677236083890e+01 -7.503962090535626572e+00 5.413099490352816190e+01 3.789147932133700714e+00 1.867949895340229105e+01 2.811424520264262372e-01 7.077894160925583655e+00 3.167634394537524756e+01 6.419303757954168965e+00 -5.209017795235081350e-01 -5.355304396476140205e+00
2.212845345742320191e+01 -8.672817186500112996e+01 -5.729095951707566137e+00 2.196476611475467280e+02 -8.934309367975028948e+00 1.247446462752120588e+01 -6.034749233265211288e+00 3.742643484670026499e+00 3.065808823992531629e+01 5.034504879787183640e+00 4.255967434573880936e+00 6.662341391037509553e+00
-2.192461180867795889e+01 -7.860729124084583930e+01 6.345462270595444210e+00 7.273956802451833425e+01 -3.653419695558976610e+00 3.033207169975180584e+00 9.705929328226364561e+00 9.535958737406123875e-01 -4.657184018276939241e+01 -1.726220864701750912e+01 -2.985359752656786547e+00 -1.056422239007338959e+01
-2.032030103337675087e+01 -7.326943611971096004e+01 6.073026802424961623e+00 -1.180873602386204340e+02 4.623520551131170109e+00 -2.169471254985123920e+01 -2.977626052280041957e+00 1.235112319697623529e-01 -2.484920567181743678e+01 3.269019982072126407e+00 -2.622589057821675596e+01 9.493281354676867956e-01
1.606063124701926270e+01 -7.815750251003835558e+01 7.672727497055953805e+00 1.740671592555548557e+02 6.418199532791541095e+00 1.652744809726566189e+01 -8.306374455956275327e+00 6.154315600117282514e+00 -4.601947196822253972e+01 -1.319736314538435629e+01 -3.373519947885782466e-01 6.043192500394040323e+00
-7.960109320884243722e+00 -7.458099620421288023e+01 1.765754986055551257e+01 2.088759080509074550e+01 -9.566905309437666816e+00 -9.015786664958841401e-01 -2.245526537498038877e+00 7.832863118375254174e+00 2.687247378243840501e+01 3.216230446938005194e+00 -3.066698904731915931e+01 -6.109538428491438466e+00
1.563290103615768700e+01 7.593829320321410137e+01 5.987329335932883190e+00 5.231709245732584890e+01 -1.363566135728214235e+01 1.155272169300178753e+01 -5.266192865185232996e-01 -3.867711032999864518e+00 -2.736475802334208041e+01 4.204084731661670737e+00 2.086396511729016012e+01 8.794002158134635039e+00
1.760300865938135573e+01 8.480185277479817785e+01 1.005035679194090115e+01 -1.437710704618532702e+02 7.162141417937671228e+00 -7.321429765877230267e+00 3.896697170057246140e+00 1.024447595884239881e+01 -2.585047875699341446e+01 5.267924305966828591e+00 -2.499817143277970999e+01 3.705859625716678263e+00
-3.498301593827469080e+00 -8.352184387625979411e+01 1.057165800556986035e+01 2.848321918696394661e+01 -1.706848219773407838e+00 -1.129935782338937145e+01 -6.727817247263135236e+00 -1.227057895302950952e+00 2.871506248824492857e+01 8.377004532785820246e+00 -3.688186097539493602e+01 -2.326734022372247968e-01
-2.399411033495471912e+00 7.951267301515528629e+01 -6.441681700958250545e+00 5.916730825464962606e+01 1.241558602776260178e+00 2.224241637513854286e+01 2.045704990977848858e+00 -2.293404010784298563e+01 -2.275683538203537282e+01 8.274441934280647004e+00 -2.213792623669222337e+01 3.569642975687466802e+00
-2.208358410714772901e+01 8.239676352777343027e+01 -1.742311456081584708e+01 4.569571421165127134e+01 -8.753235134253012362e+00 4.159406306367086081e+00 -4.956777426766543648e+00 9.063036011640235756e+00 -5.350322299595207909e+01 -1.315119552772528166e+01 3.525181246800776158e+00 -3.927964618380111794e+00
1.334499953479765288e+01 -7.771232490308130991e+01 -1.291942968573819517e+00 -1.691788282938975669e+02 1.460444031028275802e+01 1.058203856653686969e+01 6.950970165478386198e-01 1.244147674289830974e+01 4.816326660984360331e+01 5.699173336757758612e+00 8.541939993753551619e+00 -4.325504918956955436e+00
-9.479272929247034796e+00 -8.315624112814634827e+01 -7.403059658078206873e+00 5.240984143199420231e+01 3.968317494817925706e+01 2.061710719991701968e+00 -6.393572684323068245e+00 3.922325160170503366e+00 4.002784848967488784e+01 1.797346779039675368e+01 1.924919810647940821e+01 -2.568772281907774513e+00
-5.295524339349191312e-01 8.239043093605867796e+01 2.765207465902635997e-01 5.661531507870307678e+01 1.033250132534148769e+01 1.086080914446671031e+01 4.226220568346310991e+00 1.458532144855705504e+01 3.647863284414007978e+01 9.757299464539302747e+00 1.852360153777551588e+01 5.509707813172439295e+00
1.555239044537663951e+01 8.383236680217677872e+01 2.565349254596343442e+01 4.462816768824749403e+01 5.161542260800909609e+00 1.128975724925071233e+01 1.577197590724094489e+00 -1.835303342387741310e+01 4.965095865982301149e+01 5.842326798975939539e+00 -3.255609339035127903e+01 7.451354966633835453e+00
1.439801516649152546e+01 -8.715100530624621911e+01 -5.103313394829291916e+00 6.403987416511655795e+01 1.741304404774703585e+01 -5.012607581549453073e+00 1.230588101084223007e+00 1.367272466965625277e+01 3.075669642588118791e+01 1.662009683052925624e+01 1.661902494365231320e+01 -8.670864258005326342e-01
3.007591049849563269e+00 -7.912794550325104126e+01 1.056556554567883222e+00 1.934888238240228873e+02 -6.516278649525990119e+00 -1.759045020431990458e-01 2.985113824521178572e+00 8.890391037389255402e+00 4.678491973542903537e+01 1.513659667901253769e+01 1.651293954587177737e+01 5.251681842074896522e+00
-1.772100256647738092e+01 7.961921910652709755e+01 -1.425692410573243407e+01 -1.583459058591092230e+02 4.116569355662145213e+00 -6.311622841541102424e+00 5.442937512050328941e+00 1.166085183570532813e+01 -4.830833623835464152e+01 -1.711015936417940608e+01 1.602771723115849056e+01 2.496132602312071125e+00
-2.736994676663315307e+00 -7.713179741561269509e+01 -2.766756187788919075e+00 1.254808001542490388e+02 1.343501522670220893e+01 8.496819568717333127e+00 5.637427782965901635e+00 3.869669858180599498e+00 -4.879181336357184762e+01 -1.956869994008150115e+01 1.927292022610751587e+01 -7.418510217631600900e-01
2.283648588305734695e+00 -8.242090166988596422e+01 -6.493005931129904873e+00 1.926309644227756337e+02 -2.474543229859566651e+01 3.490171089236093760e+00 -7.693912249116338309e+00 8.834491793474029464e+00 4.126374691332830480e+01 1.235670403905489678e+01 5.559263645831417078e-01 3.319227121278253367e+00
1.808960999409226744e+01 -8.502052379811023286e+01 9.877294508944304496e+00 5.019169961815579484e+01 -7.840946936486313135e+00 2.136959215936387046e+00 5.708568701454880490e+00 1.481438347400065325e+01 4.038297703075377854e+01 9.805008331048648884e+00 1.304882164294161662e+01 -7.899924285876159802e-01
6.288830657634057353e+00 -7.877820468227433537e+01 2.261611073666352500e-01 -1.616041486501865450e+02 -1.078924057896747613e+01 -5.636814126119192636e+00 -3.940495552795832412e-01 3.182069357293588752e+00 3.985757714304442345e+01 1.193535576952147181e+01 -4.284145977451076170e+00 -5.131200545325853568e+00
1.484878625946879893e+01 8.246169327757864664e+01 7.762021775738982221e+00 4.799905567153995634e+01 -7.072516066800536017e+00 -3.569260981761134488e+00 8.134753224636950275e-01 6.024977658060289620e+00 3.695385150621257253e+01 8.829799615683887382e+00 -2.189867396672127153e+00 4.601992628151331921e+00
-2.475676723306914351e+00 7.622949584727039962e+01 -1.849641168240687961e+01 6.656889302837615219e+01 3.845697881269099838e+01 1.439077519272789907e+01 1.783364698392802206e+00 1.875132675798228510e+00 -2.520564306503779051e+01 -1.811548129117112893e+01 1.556090870684776739e+01 -3.877924021256029086e+00
7.371143207963837263e+00 -8.177461563895055008e+01 -1.649373708020931417e+00 1.868649267612045151e+02 -4.733500629993991349e-01 1.186438444017223226e+01 -9.747490627970085697e+00 1.023044509136792080e+01 4.331267413623604767e+01 1.003190645640128276e+00 5.154893565276560174e+00 -2.891082262246629786e-01
-3.670051548146182085e+01 7.355692303046717484e+01 6.434828550210900389e+00 -1.700854129020358130e+02 -1.183699763695979357e+01 1.373344105635069035e+01 -9.552517121549170653e+00 1.009046821110512937e+01 -5.118323242891742098e+01 -1.576167216081786115e+01 2.429553426400748961e+01 -5.442763499188356668e+00
-1.733178344371979307e+01 7.988028796601930992e+01 -9.935476435678195273e+00 4.213428618582418750e+01 -2.197396029369150838e+01 -1.140501174065529710e+01 1.762774252257429897e+00 8.396538850939247567e+00 -2.142763893583461510e+01 -1.889880565677022561e+00 1.649513538023632009e+01 -7.034797662848869537e-01
1.840536234459359832e+01 -7.562607892199334003e+01 7.772107550039409674e+00 1.058099578566934298e+02 3.437915434798720860e+00 9.302990999525722060e+00 -1.341525473474143304e+00 1.410394087405277119e+01 -4.688209804284391424e+01 -2.995224132140246631e+00 1.516991759768601256e+01 8.212378219599271389e+00
1.288682063166846881e+01 7.902921329109177861e+01 3.054883976156529179e+00 2.145885954525139194e+00 -1.814978204971452413e+01 -9.610116653655316199e+00 1.279283179471419629e+01 2.515171324777436990e+00 -2.487443540059623714e+01 -2.967814572626850556e+00 -3.020025844582149688e+01 -3.066207516215293083e+00
2.091845294599765026e+01 -8.708508160042832458e+01 -1.542980070170955953e+00 -5.471059101799190216e+01 2.570822705844787670e+00 4.784897206101041967e+00 7.375967402206243584e+00 8.312574105031959704e+00 4.611725733455267573e+01 9.911838546425610019e+00 7.983842955167275157e+00 2.010123749693419892e+00
1.649229407341070086e+01 7.780573699046280467e+01 5.194866945880020737e+00 -9.097830603373076030e+00 1.951158953255334438e+01 7.470769788710133419e+00 1.081245662000681662e+01 1.162805647190890745e+01 3.162914734014386653e+01 7.075852491323696647e+00 1.153055448172252007e+01 -1.022840870197253516e+01
-2.053570653736233353e+01 -8.298619123228034766e+01 4.833608528165459717e+00 -1.272487000459668423e+02 1.213514719596295954e+01 1.501938451953703968e+01 2.868650828578068079e+00 1.783186067212934267e+00 -5.028251943902113652e+01 -1.269410089731204927e+01 -3.013710694466756834e+01 -4.299905028056507206e+00
-3.072173405040031469e+01 7.153414909572713043e+01 -6.325956750834489384e+00 1.928636560180407855e+01 1.956793837937317804e+01 -5.780058312965439704e+00 -5.013236833717175323e+00 9.558373744969966168e+00 -5.595738684169019450e+01 -1.378497604536510046e+01 2.344858530066946756e+01 -2.686502148689363434e+00
-7.521119941822397570e-02 -8.601744457297658641e+01 -4.005682945135531803e+00 -1.898276176217198099e+02 1.170375923232185933e+01 -1.670647873709980580e+00 5.837806925472933450e+00 1.237521984800031483e+01 4.457166875708687570e+01 1.212828581232240843e+01 -3.086580009540687897e+01 5.541832696438068195e-01
-2.563642039149783258e+01 -8.097252138204108007e+01 -5.273967112366112486e-01 -9.542228874352862533e+01 -1.169304207563119569e+01 4.948412241942977019e+00 -3.387072381357562278e+00 6.334372699056823208e+00 -5.309298809732328550e+01 -1.741144174177189896e+01 1.906515047085862946e+01 -3.820305918925336552e+00
-8.512572190719126297e+00 7.609481909465442584e+01 -4.335887135979845652e+00 -1.609871146308996970e+02 1.220776446163270457e+01 -8.839546443171887091e+00 -1.015196921790501783e+01 -8.032712687960587017e-01 3.917774259443154961e+01 7.045622199881417025e+00 1.184397429075816355e+00 4.257334988110315521e+00
8.844874845582626932e+00 8.563550001950305557e+01 6.442831592401218055e-01 -1.718515407306568648e+02 -9.738414116649302343e+00 -8.322317245382061301e+00 4.595480205426429876e+00 1.413416192330357468e+01 4.770400386241621504e+01 1.360753249819150490e+01 -3.253622279499716718e+00 -4.405051947448568761e+00
1.417591071171908901e+01 -8.130291984033181052e+01 3.137712393351690388e+00 1.436656008686944652e+01 -2.387209243312559348e+00 1.242685881546598026e+01 2.264882910241516001e+00 9.284719211208809497e+00 -1.568609254426135813e+01 -2.359128321094103597e+01 1.477190201605398556e+01 -7.256932939647581904e+00
-3.231994534530234553e+00 8.556206634927376342e+01 5.824849914352674407e-01 1.766060130161321595e+01 4.962342444831891797e+00 -4.795744192533709871e+00 1.532662068446252768e+01 -3.926638517698829656e+00 3.937705916351219315e+01 9.344376072112934750e+00 2.153444302010410283e+01 -6.421860893864661080e+00
-1.904648826521419736e+01 -8.076652619757290097e+01 -9.286357848945005600e+00 -1.321563457083371702e+02 -2.316948150344076751e+00 -3.159680860261938840e+00 -1.351581975782782585e+01 6.097554578189108732e+00 -1.871507566765825814e+01 3.044082740733935477e+00 2.036730249275822757e+01 -1.080154598321760595e+01
-2.922513451178736066e+00 8.357318840653591963e+01 -3.245999111951297866e+00 6.098156870774600691e+01 4.544105608804177798e+00 -1.019263807699763902e+01 8.390693577564951156e+00 9.483902204157038440e+00 3.367383559278705718e+01 9.165286787790956069e+00 1.472881322150185213e+01 6.601871114529648921e+00
-2.472770310709180208e+01 8.374605279899402888e+01 -2.310104489365737379e+01 -1.608392123145638948e+02 5.676520947329403377e+00 -2.568478605050172447e+00 1.569813009103887680e+01 2.285242305791399087e+00 -5.442548039243225588e+01 -1.482942506007079508e+01 -2.747493319001102208e+01 -6.752451594383593658e+00
6.482285544931923660e+00 7.729369922455460085e+01 4.129088912104791120e+00 -1.752402060512463322e+02 2.727798601566796677e+01 -3.114460218927740165e+00 3.637006819592520035e+00 1.063724906040662432e+01 4.209485409626925190e+01 1.203540628929828316e+01 -3.699418406494510947e+01 6.912736975133530137e+00
