-1.520383000374244808e+01 8.311928958007692358e+01 -4.388558163658896616e-01 -6.250262427969906298e+01 1.760531531254591542e+01 1.256102600136310876e+01 -4.976042456242264045e+00 4.451179940254255563e+00 -1.100933529858754234e+01 -1.407754876006685585e+01 -2.076346865113516671e+01 -7.103788752324152966e+00
1.372983257920386357e+01 8.185387464883660869e+01 -5.457222206517823304e-01 -4.528591084954800117e+00 1.953328582085185161e+01 2.621136431664315314e+00 5.603586171445577691e+00 6.472901735647575094e+00 8.898191732615741145e+00 3.034862140187796697e+01 -6.924936474294042910e+01 -1.144648011829323053e+01
4.172195672798150667e+01 -8.117333683342198469e+01 -6.923035240188434303e-01 -2.848503718518602312e+01 -1.773905720814407161e+01 -6.033716333166773360e+00 -5.207933541430986857e+00 5.968211908626841478e+00 9.791250388782193781e+00 3.049160989202380279e+01 -2.156779349791301570e+01 -7.059604631413917808e+00
-1.354320475172718297e+01 8.368576919005911918e+01 2.155402334275947851e+00 8.999301289964378725e+01 1.614319425453860646e+01 -9.402741828129974166e+00 6.368961538461098471e+00 -9.517187137237950623e+00 1.047272211247686435e+01 3.124582055384010815e+01 -2.411582382416783332e+01 -1.155730159025744497e+00
1.233688343354362793e+01 -7.743923474179905497e+01 8.611488305150912792e-01 4.005185263679376106e+01 2.233453552570896861e+01 2.055491470963492606e+00 7.499684439943243852e+00 -4.130011128718208191e+00 2.668703266823413145e+01 7.177851762644806399e+01 2.032494400883658869e+01 1.159078537069717996e+01
-4.116127946324724718e+01 -8.260832272518109676e+01 1.467706740533341714e+00 8.847057760566016782e+01 1.010903355852071783e+01 5.685599637595872141e-02 6.155448905767212153e+00 8.106890919976779131e+00 -2.445024035226774828e+01 -7.631852313971160129e+01 -6.516477510751884950e+01 -5.675317545310070599e+00
-4.175090477437765912e+01 8.109795195726080408e+01 -2.799648453896945721e+00 2.479233693173223330e+01 1.516176318063070916e+01 -3.235914377674785847e+00 -3.049879978487800347e+00 4.748255311041933879e+00 -2.854238745822118162e+01 -7.347856293158778840e+01 6.514915848812481158e+01 1.362013307183180544e+01
-1.687397149548528574e+01 -8.204830002007089718e+01 -1.315253198755231168e+01 5.154034286771021378e+00 1.817741183149782103e+01 -4.122279959308466357e-01 5.164896716608637917e+00 -6.776343003256725117e-01 1.151189158496660170e+01 3.054051960424062528e+01 -2.092666160134265851e+01 1.717850341287783689e+00
4.185283565333939748e+01 -7.933476353431809969e+01 -2.760941336884896291e+00 3.652230447644757305e+01 1.876611103539082848e+01 6.996081370343617323e+00 -4.964618474492333178e+00 4.747554824242941507e+00 8.208098876600605109e+00 2.890016927479182840e+01 -2.404302352256637931e+01 -1.279105158818727972e+01
-4.517134719332268844e+01 -7.972197252338467877e+01 5.569847900613869918e+00 -3.561262091073781022e+01 1.982123105088469117e+01 1.822033071252236569e+00 3.521035112931409472e+00 -2.257684964942715311e+00 -2.849183575403060686e+01 -7.778339738371798262e+01 -1.776651501706724190e+01 1.132734421585342943e+01
-4.503238463325713781e+01 -8.245355036823369232e+01 2.860843437481300544e+00 -4.157201645568656545e+01 1.788491630348713457e+01 -6.272153636044150993e+00 -4.773940446722193975e+00 -3.063594671447948947e+00 -1.037413014048187421e+01 -1.520828277002549278e+01 -6.721375307445774183e+01 7.969669751200656904e+00
4.255688751630535904e+01 -8.356762141115621034e+01 3.496301394534088836e+00 -2.624642947092821288e+01 1.783416527592419243e+01 1.046086975036606148e+01 -3.115624863900936514e+00 8.165043162400849042e+00 -2.435758905401322849e+01 -7.558290837844897680e+01 -2.422958885106744020e+01 1.103395840355475332e+00
-1.274525082214824501e+01 -8.326058004121601641e+01 -1.106927911182864932e+00 -1.023399320316825367e+01 8.708008394123645246e+00 -2.777250228610873339e+00 -5.813592548270366756e+00 3.131379102355108746e+00 8.920339748228441223e+00 2.908414159374227737e+01 -6.554848986572022795e+01 -2.953912057121239609e-01
4.214632888093661478e+01 8.041570325604394043e+01 -4.380613302247654772e+00 7.607453037352686742e+00 1.604369113616132836e+01 9.118547351258524003e+00 -4.589486250841088300e+00 5.200618772411164770e+00 -4.661380887654439142e+00 -1.346822377098175672e+01 6.835140873237422454e+01 -4.412123348526653110e+00
4.613845282658125768e+01 8.451397914722959115e+01 -7.030288663403948313e+00 -9.230188418000929573e+01 1.317622057453031381e+01 -4.788392210743578126e+00 4.130804879256546158e+00 -5.321011403480647495e+00 -9.539889026072383871e+00 -1.451550582810588175e+01 -6.563540862645837137e+01 -8.325885668180630361e+00
-1.497122809318577374e+01 -8.266184334561233982e+01 -3.622029514838562392e+00 -1.194697292429613888e+01 1.609534388089959478e+01 -3.613617354841206275e+00 -2.157477471467847518e+00 -3.932602111690400637e+00 7.497559284893838161e+00 2.893010231667934562e+01 -6.581644727996130939e+01 1.549273405570372475e+01
-1.245871274036064769e+01 8.072056323867026606e+01 8.465686499430296053e-01 1.795714695769042279e+01 9.480547926329835562e+00 7.737570251787836639e+00 -7.198144636266895269e+00 -7.548237031771242833e+00 -7.812757226612829342e+00 -1.440142916620709279e+01 -6.140062371306672873e+01 1.083434729478257985e+01
-4.078100809202619814e+01 7.820811664481125547e+01 4.201220905756803958e+00 -4.464883772494454561e+00 2.548759331088006164e+01 2.262446077600122507e+00 -5.491065553839415081e+00 3.201136503812217260e+00 -2.766398641285032411e+01 -7.842809025985076232e+01 -1.741737273617236426e+01 -5.120864982580593860e+00
1.488142296148794230e+01 -8.041647688444962228e+01 4.800249503283565700e-02 -7.838768191223532256e+01 1.059202376657655975e+01 1.021275234450674496e+01 -4.386160290996252265e+00 9.853592053442520537e+00 2.935526939309341543e+01 7.749954862695128099e+01 1.725358874139556775e+01 -8.841902530393930704e+00
-1.730020147106905526e+01 -8.493156776312048351e+01 9.044593394001107511e-02 3.094011955965492433e+01 1.125466551428258022e+01 5.588195134716009704e+00 -4.213137739023398609e+00 -2.239383761375320248e+00 2.533466347329803980e+01 7.337936907926837193e+01 6.686584640847371475e+01 1.302928726082001987e+01
-1.471621563248569586e+01 8.319945950284447633e+01 5.033659618771731736e+00 1.194312545635656164e+01 1.146826235749861134e+01 4.219755003199887611e+00 -6.602532147262145656e+00 2.951592166583572485e+00 2.372308562940723675e+01 7.511194294694537632e+01 6.864254062295728431e+01 -1.478745179980922808e+00
1.334851262509070224e+01 8.426894706961004999e+01 5.050562281469415993e+00 -3.061181613324345108e+01 1.319483469862073299e+01 2.044734419523286384e+00 1.099975449810941752e+00 -7.627630355070693646e+00 7.310090503986414134e+00 2.704687374024466706e+01 -6.631648715987527964e+01 -2.731901904174216522e+00
1.450002631740328418e+01 -8.653039435927308887e+01 4.162345484539728524e+00 7.834175365948070180e+00 1.031619556812700900e+01 1.046744946996924552e+00 4.806655168203686657e+00 6.314086774796443535e+00 2.587358035257379996e+01 7.384290390439576868e+01 7.054905181691343330e+01 1.055808046525004684e+01
1.454342548094648002e+01 -8.486751419049984690e+01 -1.468025662318462210e+00 5.136735504168454725e+01 3.806882238614659020e+00 3.117983139051741848e+00 7.277778454762477089e+00 5.657767147805753183e+00 2.966712581465684551e+01 6.768210362237580568e+01 1.667520550433570392e+01 -3.864953327838775543e+00
-4.396934331212010250e+01 8.285203048209771737e+01 -7.358599116864088074e+00 -8.134316308422364727e+01 1.266334459690280312e+01 -4.533469217075476010e+00 1.182221192729290715e+00 5.734393192047589238e+00 -3.043696548596595619e+01 -7.510534319521772773e+01 1.719130266475734459e+01 -9.446003981908656755e+00
-1.305887219203441951e+01 -8.171697346169493414e+01 -3.008281479984963536e+00 3.112334027239388590e+01 1.558085632554680267e+01 2.588749897010846901e+00 6.903334131119887473e+00 -7.501921030850917660e+00 -2.527698249321691293e+01 -7.169975712451120842e+01 6.751148977083035163e+01 1.008283640261214487e+01
-1.159648840458533314e+01 -8.441897607750574650e+01 -1.848148011393229151e-01 4.850149148333278504e+01 1.448367539157928263e+01 1.243580019541282589e+01 -3.250056244209523104e+00 3.490173980699501133e+00 4.961337427352258800e+00 3.053931018986835966e+01 -2.173167598752102592e+01 1.264798341905301049e+00
1.347519434881286138e+01 -8.403841743176769796e+01 3.877033344164511064e+00 -1.881646077446244902e+01 2.246860065422092845e+01 1.502405864497158516e+00 5.116782005457920945e+00 5.196577197569016704e+00 3.064648022660898263e+01 7.257128183766508300e+01 1.971814540071799726e+01 -3.302320102517877665e+00
1.537054523913371362e+01 -8.166908727276650382e+01 4.486240975480134452e+00 -7.940889894505936297e+01 1.792578286572935653e+01 -6.940849950074912122e+00 5.740994956045375908e+00 3.748366177869480786e+00 2.983246565443381826e+01 7.764215964821120508e+01 -2.409389445370075578e+01 -9.569969139515949408e+00
1.082757890235088105e+01 8.368819974823176722e+01 1.704496188937885570e+00 -1.687909363090989245e+01 1.852103529343231614e+01 3.608372930785623822e-01 2.636547114032769201e+00 7.589542636023232092e+00 2.565183113690613581e+01 7.577479034226431054e+01 1.732930482909020498e+01 -9.677723311570001208e-01
-1.356110396708045407e+01 8.025456558853581157e+01 1.546897651848480271e+00 -3.265777143794832682e+01 2.191410590964642324e+01 -2.679093838576780406e+00 6.525178829015596094e+00 1.845856406138849826e+00 -7.082547502963747910e+00 -7.374613162598778615e+01 6.747905762390493578e+01 1.142375771552673136e+01
-1.507263621629389228e+01 -8.274604504893386547e+01 1.210699470417453849e+00 -3.197387289516238340e+01 2.187538554850794981e+01 1.390954674064144037e+01 -4.710044135135528443e+00 3.760317313847692855e+00 1.103746435311555274e+01 2.566215754160654683e+01 -1.992726311759217239e+01 -8.906687705661594734e+00
-4.399665604813382913e+01 8.465911707338497649e+01 2.224943185359171682e+00 -7.729018977213789299e+01 1.743447953607097745e+01 6.204593247717379079e+00 -3.753302000312710440e+00 5.355989180816234985e+00 -2.486442582981872818e+01 -7.324644728719120224e+01 6.415091793312430468e+01 9.100846393080734842e+00
-3.878810816775092007e+01 8.105777007462543793e+01 4.398564038661670672e+00 1.535345723665773399e+01 2.248988663383630993e+01 -3.435110822495254013e+00 3.638642335997907207e+00 6.943352428155336931e+00 -3.965821014056800653e+00 -1.956261813533227212e+01 6.675621074332804028e+01 4.875819505433265921e-01
4.392962121627485317e+01 -8.689668942335131874e+01 -6.171079718610444687e+00 5.650469020765854822e+01 1.710588945030198360e+01 7.859006434224616200e+00 6.062865083745715644e+00 4.154901225615995841e+00 -2.721105264431543347e+01 -1.333293919629970503e+01 1.752244241159645810e+01 -8.053154228555621685e+00
3.611321642387929387e+01 7.708769394927715268e+01 -1.033196857060063811e+00 -1.745361842919279383e+01 1.649601945306979189e+01 -5.846791246085659921e+00 4.305675184471512651e+00 -4.308955326286532106e+00 -1.084410865706038862e+01 -1.514606411470809100e+01 -6.315458522301980793e+01 -7.154217942883022374e+00
1.251684494836901251e+01 -7.858874210565859642e+01 -5.259663283843603487e+00 7.684917882713909876e+01 1.780903142272522999e+01 -7.940411974118186667e-01 6.517561832762666540e+00 2.063932866845141323e+00 2.920290605376032644e+01 7.420536577796168842e+01 -2.066879869913212886e+01 -7.516880624330094740e+00
1.366732863753712479e+01 8.521319091614788022e+01 1.500726004753784260e+00 -1.598252845964148428e+01 1.294282643806339905e+01 1.517039396453913058e+00 4.294042565198524564e+00 4.832412069185931358e+00 2.766892806485062550e+01 7.105838888588543512e+01 1.695772589519715368e+01 9.260333819198772076e+00
-4.277929600915825858e+01 -8.139300648066218002e+01 3.719736868251580120e+00 -9.399488213071369103e+01 1.980552326717419831e+01 4.201523663537396480e+00 -5.302398566108026401e+00 -1.879679764357041094e+00 -2.471778011565544730e+01 -7.321875874736137746e+01 -6.296172620648061979e+01 -7.023063462542031843e+00
-4.346322731219330393e+01 8.286968338785204935e+01 2.558496624151848753e+00 6.853244816738845202e+01 1.034921787289493089e+01 -8.393004401291127792e+00 -3.453432226694860496e+00 3.363300444148271673e+00 -2.442181976266280685e+01 -7.531558343483139595e+01 6.545747938869594407e+01 1.173604690550199692e+01
-1.792582459878339662e+01 -8.246267925416874789e+01 -4.112098762944683017e+00 -7.100793642738506151e+01 1.747582685922885659e+01 2.633523010519804419e+00 1.245327938169245030e+00 8.396322042530549368e+00 1.212370454230735994e+01 2.744703059199910911e+01 -7.129483934970939174e+01 7.802329773769253407e+00
-4.432541117771675943e+01 -8.028701729163857692e+01 -4.257323302171091228e+00 8.985284192683842264e+01 2.183157833878378895e+01 7.761747138768246401e+00 -6.618128459059147595e+00 4.574121196896037134e+00 -2.778747673587435685e+01 -7.408286796154149556e+01 7.199962608727442159e+01 1.361117508806766097e+01
-1.126380747512274638e+01 8.052260278662629389e+01 2.231139821871115814e+00 -8.101710609702543309e+01 1.508193561494951496e+01 -6.574091906993384526e+00 -5.288225687243375717e+00 -6.946613989719147675e+00 1.104360677919442146e+01 2.855010871979260401e+01 -1.984435768902461561e+01 -1.559776211746361607e+00
1.566654208664202486e+01 8.245302887256598012e+01 5.221136397777586424e+00 -7.339163961141801451e+01 1.918747374786481075e+01 -5.004892621673368680e+00 5.365524928238150970e+00 3.779583121833730353e+00 2.639351711146775514e+01 7.769712848796622495e+01 -1.975129628763903611e+01 -1.284279750860125802e+01
4.087694211048143700e+01 -8.102571285423029224e+01 2.964903656954601452e+00 6.582822908811472473e+01 2.254948605743241430e+01 6.308455359216012859e+00 7.488867789858328905e+00 4.120309440571398696e+00 -7.239448376190989798e+00 -7.747473204216531428e+01 7.448782011152621862e+01 1.494113733808331190e+01
-9.072386757299085502e+00 7.953697566839271360e+01 -2.200353651137041844e+00 6.430971812077274308e+01 1.972579665196228405e+01 -5.888878478703660768e+00 7.566238519495393611e+00 -2.265387690066690940e+00 2.502654007338137632e+01 7.200537259640238119e+01 6.389986457854825375e+01 3.339729635404410590e+00
-4.195647790140603917e+01 -8.028261257947318086e+01 3.886646690491835976e+00 -8.465147793812644750e+01 1.564894610422183518e+01 3.388958935208316703e+00 -8.387001906948853502e+00 5.960625203804635674e+00 -4.499471166913302511e+00 -1.801317860092575529e+01 6.851565439214944320e+01 1.750604832088326646e+01
-9.219529608240510044e+00 8.189483353956241274e+01 7.044883085874619866e+00 2.442846947757791654e+01 1.244298677723526048e+01 -2.378695737718368619e+00 5.430202270516176988e+00 4.948655953684159670e+00 8.698085122064158625e+00 2.974140010214386720e+01 6.578432102802491954e+01 1.373701163251865864e-01
-4.172668219447488269e+01 8.110414156793845564e+01 1.639169003534803659e+00 -8.201030054306895067e+01 2.354246562446823177e+01 -1.048632976097106040e+00 5.368883779387935817e+00 -1.022181533053216629e-01 -2.597349935879694627e+01 -7.473621651686798373e+01 -6.787916952862084941e+01 9.109208581287435713e-01
-1.428119922398533070e+01 8.137100779140094176e+01 3.969699348888191093e+00 -7.438636782254732793e+01 2.872756053031919876e+01 4.829792530590398592e+00 3.340401526990336212e+00 -4.027124051925103920e+00 9.312513398868368597e+00 2.945071341660290898e+01 -6.506014572869422352e+01 -6.369581686103573226e+00
