-7.703592943602878940e+00 7.686447014060635752e+01 -4.236025211034398552e+00 -1.068226147198316056e+02 2.497869081169976369e+01 8.647120340884221434e+00 -1.474615107226614086e+01 1.371267174396906263e+01 -1.526666995290699269e+01 -6.128243565632777390e+00 -3.894161016714229095e+00 -1.662885966287905859e+01
1.283231554536614460e+01 8.695882022316922644e+01 8.627144293526930241e+00 2.714670501998896412e+01 4.013073041936695518e+01 -2.707942288160427591e-01 9.998418618400160440e+00 1.384880854368171477e+01 2.379842784461194682e+01 1.904006367506205422e+01 -4.005283814321697378e+01 -1.458100484588830525e+01
1.788150113402927488e+01 -8.125503246126670831e+01 6.490976182024053465e+00 1.395793030198568196e+01 -1.451637463162857777e+01 -1.237014172325792138e+01 -1.118573843705943993e+01 1.616790642071059025e+01 1.354451418508445393e+01 1.789702337014773192e+01 -2.242570422018448539e+01 -1.634363913945589530e+01
-1.332385992463084001e+01 8.302291272767936903e+01 8.513946603660397017e+00 -5.527305339817318419e+00 2.537821548164677665e+01 -1.938763756094540547e+00 7.732131360651064433e+00 -3.303285769290744156e+01 2.500556745118952762e+01 2.329612446304324536e+01 -1.108002601853464775e+01 -9.632777532727222480e-01
1.380035081413230813e+01 -8.414419758429185947e+01 1.342505190206526322e+01 6.614777188531154195e+01 2.901953706642682462e+01 5.401850097010609808e+00 9.515750798002111210e+00 -1.530259148062713459e+00 6.111626733591322846e+01 5.364193087041269337e+01 1.277111649996474974e+01 1.431719813379887718e+01
-2.345556147466438190e+01 -8.571037387576610911e+01 -2.275861433540984180e+01 5.416868733066642960e+00 4.140477771332053436e+01 2.474978424355001927e+00 1.478056803220003168e+01 1.605970439953410889e+01 -5.224273974714986224e+01 -5.737763923649490749e+01 -4.806092487392119494e+01 -3.758365316191426331e+00
-2.717492801951303960e+01 8.225615866087122185e+01 9.571840307172310602e+00 7.759462026042835703e+01 3.123474317758677543e+01 -1.735101840162770470e+00 -7.486525324385871372e+00 1.176183122551268312e+01 -5.068971398109487581e+01 -5.683593104655250983e+01 5.111641805920196902e+01 1.890773416444552879e+01
-6.778427905019765554e+00 -8.420534689404821904e+01 -1.059434963382970629e+01 5.227899276579366017e+01 3.777316320210417189e+01 9.854234635858414304e-01 1.202366826521808285e+01 5.894927716145115681e+00 2.018567772549713624e+01 1.646415508471778821e+01 -8.030502782279972607e+00 4.999923245620744305e-01
2.966771165856738790e+01 -7.699394020987305964e+01 4.514898164578407425e+00 8.743021584179666661e+01 2.644916340519932874e+01 1.117627564488155123e+01 -6.120764018893094516e+00 7.666397740059194277e+00 2.669974243779484624e+01 2.987642590341325999e+01 -1.779034672022773478e+01 -2.090955076653286326e+01
-2.602442089378637036e+01 -8.191483416013143426e+01 6.633594606435911700e+00 -2.360058122534027092e+01 2.353070091991869006e+01 -5.127097599552523199e+00 4.155779672782362155e+00 1.323689597419132724e+00 -5.898158170360250097e+01 -5.088544678370025309e+01 -1.510300383710807282e+01 1.842234021083750406e+01
-2.821545941430703053e+01 -7.811392083080049531e+01 -8.681597612630671534e+00 -4.481867431636129595e+01 3.350992324916568066e+01 -1.077240155693220558e+01 -5.179319228520251173e+00 -3.979757120853700592e+00 -1.691653596597567244e+01 -1.481330846075867846e+01 -4.809078183347795488e+01 2.538169623950959064e+01
2.927481088679196475e+01 -8.223112364233899996e+01 -1.612978208070583230e+00 3.559609382216103235e+00 4.709743287298235970e+01 1.886270454053007029e-01 -1.207379119551108460e+01 1.268033256803250097e+01 -5.729548132152456930e+01 -5.177437269156962429e+01 -2.302111192467653211e+01 -9.180736419914534152e-02
-6.446167454079910542e+00 -8.306028531670112613e+01 3.557599354968292715e+00 1.706234411636031822e+01 2.995248461504479565e+01 -3.107674760074705222e+00 -5.671225603928498948e+00 1.322710323701640078e+01 2.574075979288554095e+01 2.343028899329091175e+01 -5.029991442797436463e+01 1.055545916933731476e+01
1.441457068142317333e+01 8.550539418085260479e+01 2.716946339777985386e+00 6.255857721069542521e+01 3.653330328073394639e+01 -3.229858944013369371e+00 -5.741658586881915660e+00 1.203273528653482849e+01 -2.374631302955445733e+01 -1.493426192614423620e+01 4.114949215841505747e+01 -7.861950422947879602e+00
2.504883542816790865e+01 8.142371506278938398e+01 8.663510119409638222e+00 -1.472560677203859711e+02 3.166219486538106409e+01 -8.100451081910618356e+00 9.016300999456014154e+00 4.912652380913688610e+00 -1.326832305159632419e+01 -1.822649218081929945e+01 -4.929757736926946876e+01 -1.340240639081925877e+01
1.967829931738480198e+00 -8.190657529506539447e+01 2.748603345120335995e+00 4.450263619374543111e+01 3.047834122424896819e+01 -1.737075827632998948e+00 -8.096909548257546163e+00 -2.406818705532054015e+00 2.372187692349048049e+01 2.202086980484408585e+01 -4.992952220409166131e+01 2.132118978000507070e+01
-1.673361132846601151e+01 7.842980336958346754e+01 -1.245561559484906411e+01 7.865225552332229597e+01 2.689034659998695886e+01 6.458622239353641881e+00 -7.271565999673570424e+00 -3.315915456714348863e+01 -1.181091645818871783e+01 -1.072086872080684117e+01 -5.028006931527723822e+01 1.368339124857454614e+01
-2.865008368165171149e+01 7.657282491965356996e+01 -1.120095283772158901e+01 4.293447880717790355e+01 3.522738905570112422e+01 1.430866762135883041e+00 -1.058919335310588217e+01 1.178345687615078496e+01 -4.924431642631125783e+01 -5.128318421499714930e+01 -1.923932714340910266e+01 -1.670753966094152787e+01
9.015790375192947792e+00 -8.300179724799774306e+01 3.039447780389874953e+00 -1.319069366104618268e+02 2.021136933078346232e+01 -3.170462139804054669e+00 -7.002998321134746185e+00 1.358754400386500905e+01 5.424316665949670124e+01 5.112755066575003582e+01 1.654079633577893205e+01 -1.198282018260261594e+01
-1.046802251992443722e+01 -8.486435074062831063e+01 7.479578680664269008e+00 8.310020176613915055e+01 4.314707451450026809e+01 4.823923982644355846e+00 -1.277556544624581392e+01 -6.015615845053538635e+00 5.296504888632954788e+01 4.472043357756482607e+01 5.164776180804312844e+01 2.022597441951082686e+01
-6.308517438495033325e+00 8.920823975627112645e+01 5.533854073964088016e+00 7.872211363561167730e+01 3.045586314927020766e+01 1.177777799770959888e+01 -2.165252524853945815e+00 1.028660108912561277e+01 5.725863394066406897e+01 5.728615840350227018e+01 5.324999637616991066e+01 -6.619791920278264463e+00
9.139014936373795805e+00 8.600280071938442461e+01 1.528294221707266765e+01 1.120009360820182920e+01 1.218785511715625702e+01 6.023135105700728076e+00 4.319494100718718421e+00 -2.746758655781268388e+01 1.794447767406743566e+01 2.061820182594922457e+01 -4.983919971635100410e+01 -1.334418490665632007e+00
1.746008971987731329e+01 -8.197715720093648883e+01 3.408480183152018395e+00 6.998378649650280181e+01 3.179197135954658293e+01 -3.850238166438005205e+00 1.188358928141706627e+01 1.057217652043845213e+01 6.156847927216936256e+01 4.795967474760660565e+01 4.623558999585515750e+01 1.470201899453944883e+01
4.714595952414528668e+00 -8.187815441283630946e+01 -2.541479336254601318e+00 5.672273944744951280e+01 4.296276655332919603e+01 -5.213702150564238025e+00 3.317976430474861349e+00 1.372589305506457436e+01 5.085474665256095506e+01 5.191455355292785612e+01 1.381447159463662189e+01 5.021231370212428935e-01
-2.966895529137744347e+01 7.832645405500899471e+01 -9.459027414698121916e+00 -1.416636099796744759e+02 3.202544911759959234e+01 -7.033784607490336960e+00 7.069179298574681525e+00 1.321367619052518627e+01 -5.308489729327668982e+01 -5.315404104092925053e+01 1.236128099216362664e+01 -1.289119750022307187e+01
-8.160712968336085282e+00 -8.107187260540489149e+01 -9.938804689192609843e+00 7.826983346979150724e+01 3.507774467202403912e+01 3.017249435857374706e+00 1.224301017830767080e+01 -4.012578615913806601e+00 -5.099076761335435748e+01 -5.365614354718573509e+01 4.718650544346176190e+01 1.860755377095783558e+01
-8.029002725987147926e+00 -8.145544406995395548e+01 5.703280166148299912e+00 7.912765289947033409e+01 4.334353621835380466e+01 6.588164569280640315e+00 -2.158577388544853815e+00 1.005142656781284494e+01 2.266479188105675391e+01 1.977753617361859995e+01 -1.791140720253781993e+01 -1.154101704792552585e+00
1.298598126000896613e+01 -7.863838375384577262e+01 1.526159926278849532e+01 2.293889932988429337e+01 4.276346580477424197e+01 6.530958567232987733e+00 6.502331297290535161e+00 1.034096274742251786e+01 5.303056851959585316e+01 5.316592452759757492e+01 8.716180999656637951e+00 -4.707334513683098187e+00
1.685441169703533504e+01 -7.953141084568461849e+01 7.590067410270806114e+00 -1.359142825971443642e+02 3.373800243294225254e+01 -1.098486722471273686e-01 6.953575373275625360e+00 1.108077892757939331e+01 5.513827959017010727e+01 4.747601601225498769e+01 -1.110167585615563723e+01 -8.046063074916800062e+00
7.927417213220748771e+00 8.017613787082414945e+01 -2.261183812431000106e+01 2.308935702975000837e+01 3.719085807890562023e+01 6.003665105151800852e+00 8.548354982935316926e+00 1.389012488983683546e+01 4.999335789905911298e+01 4.880037863420253075e+01 1.059172919446488592e+01 -3.929035479763597127e+00
-9.665322528192008988e+00 8.598520023837015458e+01 -1.439000967171851997e+01 -2.134378172931289441e+01 2.725170005904706727e+01 -6.457740693646277785e-01 5.416525516108662286e-01 1.385891596140294801e+01 -1.562403438352986917e+01 -5.456434446775088531e+01 5.858453802967895996e+01 1.618435826786019760e+01
-1.881246937696630539e+01 -8.554310565144936618e+01 9.000092214575744265e+00 -2.890998425439625041e+00 3.276258497617707377e+01 3.001813366852055687e+00 -4.962011970881810008e+00 1.459628502465254130e+01 2.628052539573546298e+01 2.557227362047048658e+01 -1.752589337130090641e+01 -2.153458777126394352e+01
-3.395141562181491679e+01 8.009645708047247581e+01 6.181775145434598606e+00 -1.320626743013151838e+02 3.313942546883479423e+01 1.686521797994193506e+01 -4.044036886980994616e+00 1.412849361823494654e+01 -5.653067393848080968e+01 -5.886149107889674070e+01 4.903120250107368605e+01 2.689225638284840514e+01
-3.781701267800538346e+01 8.380259497918356715e+01 -2.010565915129078718e+01 6.376024550282152603e+01 3.273496230682695796e+01 -5.422449515538367848e+00 1.070119942319261774e+01 1.168206084562150515e+01 -1.563007020933833324e+01 -1.821982815067521955e+01 5.483459362683123572e+01 5.930959534856162563e+00
3.252148829690946030e+01 -8.290909720931234972e+01 1.138954780540232115e+01 4.886386539401166829e+01 2.236629424876320726e+01 4.606955253702245123e+00 4.140287203322563947e+00 8.862622468565177769e+00 -4.879419904461285284e+01 -1.235242871885088967e+01 1.491897669426068873e+01 -1.821411292170066432e+01
2.089445776120244602e+01 8.243221017623585567e+01 1.579853657325852367e+01 2.123415028907571411e+01 4.651629949237265294e+01 -8.256906110106855934e+00 8.467231976408225336e+00 -2.637211303579329869e+00 -1.272869421883681262e+01 -1.473376612250379480e+01 -4.842589843387023762e+01 -1.347947205867801657e+01
4.270870943486430704e+00 -8.276738144842165923e+01 7.520145805582417076e+00 2.228628372187802853e+01 3.460268698724063086e+01 -6.186035025759771599e+00 6.862614706652375496e+00 5.634990317962800255e+00 5.501118151197798056e+01 4.307557771386126433e+01 -1.623635635565066337e+01 -1.202244424209621165e+01
8.869573824645394566e+00 7.951230691505405446e+01 1.585448176020895872e+01 2.174701698238900249e+01 3.989732526118525868e+01 -4.126061140154054563e+00 3.004276345932819670e+00 1.598298427005911293e+01 5.281936672401067767e+01 5.064853560981075020e+01 1.071294926747667908e+01 1.479971571694397348e+01
-2.889214321459892076e+01 -8.148100572901410033e+01 -1.405380171041108106e+01 -1.398124080724103351e+02 3.320515475780241132e+01 2.032493505584831162e-01 -1.555235670085538757e+01 1.998583030767857149e+00 -4.838327815782808017e+01 -4.919342131367327653e+01 -4.897358888289813450e+01 -1.542212987611251940e+01
-3.086634632514913790e+01 8.211637853761888550e+01 -1.756516048014367115e+01 3.737531317282260801e+01 3.513062865641770571e+01 -8.662540184272598864e+00 -1.131870352296191662e+01 1.314401244908098398e+01 -4.813315373161191957e+01 -6.251935866708205225e+01 4.098252041940716595e+01 2.013592051142503792e+01
-1.068575557473618431e+01 -8.298581907020074766e+01 -2.718387611465410192e+00 -1.118762648426402961e+02 3.982972719460270383e+01 -3.641838816840104798e+00 7.312194152249148260e+00 1.503583794153107078e+01 1.756184331636859852e+01 2.882261975632508566e+01 -5.247736401921901717e+01 1.954451347592894805e+01
-3.262504545887830432e+01 -8.204303358910678412e+01 -7.377344324971618406e+00 8.712033836542566689e+00 4.623811516623161566e+01 6.929694908166840861e+00 -4.198622907869964394e+00 9.890755927176059004e+00 -5.111038136709654367e+01 -5.368340650474830511e+01 5.005664606589935062e+01 1.587405961154351353e+01
-9.105485291254002078e+00 8.087031323246002046e+01 -3.056679810451519597e+00 -1.455742406310101273e+02 3.984864812049895022e+01 -2.209732803408706481e+00 -6.593173609399438639e+00 1.155483670917934330e-01 1.726137643770377395e+01 2.262112863329608459e+01 -1.399411426005065273e+01 6.941665378356460803e-01
5.578630228807530678e+00 8.195909153933888547e+01 1.193443496694639094e+01 -1.232625723336792163e+02 3.605651814774640229e+01 -7.433372272402896996e+00 8.830379817898242223e+00 1.173318136122117394e+01 4.731442071679460781e+01 4.453231631451861716e+01 -1.953353124952322872e+01 -2.145809070878501146e+01
2.924234289821778532e+01 -8.728973719142980769e+01 3.252802615380129492e+00 4.548426210551872373e+01 3.649569958561985317e+01 4.748099731777229771e+00 7.171865985835447432e+00 9.896865622928801898e+00 -1.812775515844191432e+01 -5.555626104893579509e+01 4.621255880323539600e+01 1.589464031461490379e+01
-9.926020886020291201e+00 7.884917196841679754e+01 -2.677752465807124782e+00 4.021670098450648823e+01 4.062426745219639201e+01 -5.331942727610563537e+00 7.204828047909519029e+00 -3.549622130437082301e+00 5.545955470500391726e+01 5.170545845791678374e+01 5.425611419480885189e+01 1.514129032148619380e+00
-3.021342094580611359e+01 -8.005167620047089372e+01 -1.878071163268827348e+01 -1.442842432575031637e+02 3.715724329766121770e+01 1.355504905471442711e+01 -3.320326168327139005e+00 8.143334579649758709e+00 -1.733923776690624052e+01 -1.122669866819380680e+01 4.628035783431006678e+01 1.849760157283665052e+01
-4.400215817627088022e+00 8.154544596670439205e+01 -1.840478247068773054e+00 7.155194605895844973e+01 3.522746555774698862e+01 -1.867013270616640686e+00 4.532225399846616654e+00 1.285578436870237340e+01 1.850980803134922681e+01 2.068027694123969695e+01 4.895009691334346513e+01 -1.912812038793791913e+00
-2.984861682964540108e+01 7.462764644151640425e+01 -9.359495387647708498e+00 -1.339931255371600116e+02 2.731026950700102418e+01 -7.252406285123994323e+00 1.144966228955166088e+01 9.487480771560083959e-01 -4.738564786463620493e+01 -4.786813499179525166e+01 -3.934399339683216823e+01 2.098379211116801368e+00
-2.041266439175063674e+00 8.261417142002558478e+01 6.483771237800932674e+00 -1.220328914345234637e+02 3.286601688720305248e+01 6.627902196815772529e-01 8.385804251929156905e+00 -1.219673623106267257e+00 2.106822196927321755e+01 2.257562711311843984e+01 -5.379373260919504673e+01 -4.023245000872944566e+00
