-1.633517965999936905e+01 8.822548123341633186e+01 7.730005139744931419e+00 -1.446918536479664965e+02 3.767808586083793188e+01 1.177747055015589694e+01 5.901715645670534194e+00 2.608183178306016003e+01 -1.509771005840683022e+00 -2.336740596536195369e+01 -5.312957415381760029e+00 3.293578786559132165e+00
8.665034726799639486e+00 7.915585027293300868e+01 1.007537099334011899e+01 9.489648609306199134e+00 4.224530870446891839e+01 4.986467122717939127e+00 4.091936504407414965e+00 2.071599030317135970e+01 1.187306449026348432e+01 2.176821619169231425e+01 -1.554769086842568626e+01 2.993776295911789731e+00
4.637865455588593022e+01 -8.136902590820588443e+01 -1.422558157960932235e+01 3.939694549305011151e+01 -2.664582431894238113e+01 -5.120111560590476785e+00 -3.345399388207558111e+00 1.887419996293967372e+01 1.687498992474679582e+01 2.154240723110692457e+01 -6.909726748534078311e+00 1.035160652620132282e+01
-2.012378420564882475e+01 8.825231274264793058e+01 7.952493606317964314e+00 -6.179984981084723472e+01 3.330826862474624761e+01 -9.067271113299915086e+00 1.738131654054319686e+00 -3.474306030337881879e+01 1.607758851371388431e+01 2.002877857599040823e+01 -7.630031538286409898e+00 4.173341603343922124e+00
8.793925835803085178e+00 -8.289358004333107033e+01 5.314452774240021604e+00 9.843450508616439265e+01 2.530651487270752042e+01 9.003738189359452804e+00 -1.250717869225253631e+00 -1.653296390550034900e+01 2.585455729816472115e+01 5.922180651865335932e+01 2.844910245090378709e+00 -3.316216735199140953e+00
-2.876019046728362483e+01 -8.057725818313640787e+01 -6.424728523988719964e+00 -6.221014111457434836e+01 2.978701165477231427e+01 5.683472628364824253e+00 3.950697182502367344e+00 1.591219681553137733e+01 -1.857716077464910853e+01 -5.630489441021330776e+01 -1.199117074366295022e+01 2.698487270486559009e+00
-3.223641847089949408e+01 7.702237969563960007e+01 -1.323383985558453269e+01 7.684275577541028213e+01 1.891871091837152719e+01 -1.188702917082355981e+01 -1.888041303795970238e+00 1.816296121405085273e+01 -2.636856731030555423e+01 -5.813998687672926025e+01 1.802171343782292112e+01 -4.523318104742067192e+00
-2.343133174597335611e+01 -8.117391117520853072e+01 -1.677395395375248954e+00 4.957812735080027977e+01 3.105228254966541002e+01 7.122048483923176798e-01 -6.704463683415469166e-01 -1.939472911650623743e+01 1.127825825249151315e+01 2.094050785958170025e+01 -5.703982094403809988e+00 -3.605723107021180596e+00
4.640679889451944717e+01 -7.956257823859641576e+01 -8.095843441377027716e+00 1.149215250633510408e+02 4.381548935484725149e+01 1.061925714040207147e+01 -1.067454319042487443e+00 2.175409678436031058e+01 4.882984520527662298e+00 1.945951177672488797e+01 -3.124961950420975576e+00 2.681615576090313979e+00
-2.813787165146059621e+01 -8.307085314089269446e+01 1.042173881434412364e+00 4.234261691313282228e+01 3.268599111534069124e+01 -5.297009048287978139e+00 -4.490964706471481382e-02 -2.259756781288680116e+01 -2.348983912574740529e+01 -5.761265051528757652e+01 -5.700771811977335624e+00 -1.528321374481308448e+00
-3.227656484010758930e+01 -8.137111963254982072e+01 9.424644003603816600e+00 -8.877437799729926837e+01 3.088790349502265897e+01 -1.024774200722221629e+01 -5.243843953823604132e+00 -1.772829224352681621e+01 -5.200480530084645281e+00 -1.844812152719074660e+01 -1.128099509275629586e+01 -6.120177658417350841e+00
3.206065207956778806e+01 -7.680792696216283844e+01 -7.748041243906284237e+00 1.398280680923929538e+02 3.039111023402733736e+01 2.130133732644826594e+01 -4.072727523312441811e+00 2.372448806840229807e+01 -2.184048713645514184e+01 -6.021403078807380638e+01 -9.316660847883505570e-01 -9.092755958379181713e-01
-1.618300138864712423e+01 -7.981547134491617612e+01 -8.108553157558318958e+00 7.902130632791375398e+00 3.672866033768850968e+01 5.157139917418554376e+00 1.353742356337258590e+00 2.772188238301454177e+01 1.363279215797623323e+01 2.585568486045290726e+01 -1.107161197157254229e+01 -5.392808583288080548e+00
4.458205650349634652e+01 8.274415346847513320e+01 -1.303428643316905067e+01 7.021680841534954709e+01 3.766499709321202261e+01 1.349194282312422288e+01 -1.249090848114394081e+00 2.176462835857372369e+01 -1.111122331223544180e+01 -1.364719472929827226e+01 1.528483950585925655e+01 1.673780971197130069e-02
3.499367724137796642e+01 8.087362295287232428e+01 -1.034294312255807569e+01 -1.423151170547311324e+02 2.486193925457741116e+01 -1.215116666809346491e+00 5.261450418624537662e+00 -9.132706944402004368e+00 -1.411913200405600977e+00 -1.907125022602482645e+01 -1.943122794052476721e+01 -2.312417848174476820e+00
-1.807549458034352696e+01 -7.668572452347437718e+01 7.335084783825944754e+00 3.407211741549595274e+01 3.350822565811990472e+01 -7.309922795158070308e+00 -2.732305325846458910e+00 -1.353365709404824102e+01 8.750298686763816391e+00 2.592417484759311819e+01 -1.609444112587617681e+01 3.847518219369565062e-01
-2.141142008469558888e+01 8.151404825868702630e+01 2.944563982253544765e+00 7.238548276690558225e+01 4.058604705903831444e+01 2.634489648355645031e+01 -5.356499195193893392e+00 -3.661944022337536353e+01 -1.508863029428473723e+01 -1.790331148022458763e+01 -1.544272360240926290e+01 -8.426644664369389304e+00
-3.590552119203552905e+01 8.183156722559529328e+01 1.236205048022326558e+01 2.937013886531554263e+01 3.044778090857251485e+01 1.996019820248210408e+01 -3.072467282227063556e+00 2.383851774717062355e+01 -2.406177433621670048e+01 -5.703738139862995382e+01 -4.615918916727123289e+00 1.858115833025095087e+00
5.667938508582099466e+00 -8.376607668446418131e+01 5.338921765971356592e+00 -1.437697204930661030e+02 3.044329992893189285e+01 2.183177827568024298e+01 4.011280440790327972e-01 2.515806133101113318e+01 1.717143965865575694e+01 6.136652945194958164e+01 1.448423729390964310e+00 6.473837672958723921e+00
-1.600965150616973531e+01 -7.926047074376585044e+01 9.164975747760976788e+00 7.798605190757407968e+01 3.638731697772569618e+01 1.221498059566243377e+01 -2.304293778056926811e+00 -1.594291173947775597e+01 2.505419169399436541e+01 5.960713901920070157e+01 1.767065263297763522e+01 -4.463971611622067570e+00
-1.854643641720355163e+01 7.781159397774277409e+01 3.839440018295291246e+00 8.534752454249276354e+01 3.085330237017243604e+01 1.431274328343151936e+01 7.321010796969345868e+00 1.836060569589948699e+01 2.078970380360257408e+01 6.224529391207163087e+01 2.023178021401288618e+01 -2.308175732985388307e-01
1.337826491465169632e+01 7.887093696694351763e+01 -7.326248751766168965e+00 5.510777857571537197e+01 3.616277096727534257e+01 2.753578943526131084e+00 -4.149639550292284262e+00 -3.862457900648246323e+01 1.110749460398532662e+01 1.935222182014592818e+01 -1.502414459757149956e+01 5.745939115638982742e+00
9.887068880571151297e+00 -8.290624724895388908e+01 -4.367066602268153019e+00 6.339334717703777500e+01 4.169467574250502651e+01 -7.641005281645469438e+00 -3.437541920606282719e+00 1.892890726623536324e+01 2.134074469100015392e+01 5.647644473350202077e+01 1.031311552674651466e+01 8.729826920626021503e-02
9.253484465673196269e+00 -8.171523054051014867e+01 -1.587734358058947304e-01 1.212037960975574009e+02 3.426374546386198006e+01 -1.845207362510139504e+01 8.366575747356908010e-01 2.435787642464151759e+01 2.186128969467057459e+01 5.888157417624158541e+01 4.844281369434489726e+00 -3.224255689579029305e+00
-3.578109800258372530e+01 8.414010337101973391e+01 1.145322083519377898e+01 -1.435219611117746865e+02 3.271812802583847457e+01 -1.873996133764290972e+00 3.852858757555377434e+00 2.241676738578188832e+01 -2.473703671999811249e+01 -6.129849070343001216e+01 6.798810231657790304e-01 6.906004674701009094e+00
-1.667328042931802301e+01 -8.208024915310906522e+01 8.374695916149393682e+00 1.003763002352271769e+02 4.160428882982458987e+01 5.062577798498132609e+00 7.419700751687998697e-01 -1.744161116621161156e+01 -2.132072120012086458e+01 -5.619841406538999706e+01 1.548258752033941121e+01 -1.913281892967700626e-01
-1.821470036174402907e+01 -7.977836361548712318e+01 5.364125009356289553e+00 1.144851759186593370e+02 2.356133508898248508e+01 1.074466617161763082e+01 5.092777639488111907e-01 3.004365965957306628e+01 1.019629589095451117e+01 2.048304652336429754e+01 -7.972445879899606069e+00 1.854487231743747744e+00
8.658255785433082607e+00 -8.209359296672379003e+01 -4.424836455724964424e+00 5.371635312333680190e+01 4.137383299352541854e+01 1.402566414718487486e+01 -3.765118075762191374e+00 2.276451808336332050e+01 2.241186371825516588e+01 6.386087274763304578e+01 5.008138108601666971e+00 2.610856276035228962e+00
8.354492592083925473e+00 -8.782681379808256850e+01 6.772932058569583802e+00 -1.536951819594084157e+02 4.862374569256967760e+01 -2.974299547997197202e+00 1.851052675521416058e+00 2.555895596645631329e+01 2.850251080554397021e+01 5.399691749999233537e+01 -4.313299357211354490e+00 3.695135015372571274e+00
3.860766491378529341e+00 8.284454010493099929e+01 1.487057168827443832e+01 5.127973043666509767e+01 3.957845021842395994e+01 1.450585934646984398e+01 6.521261062615545390e-01 2.820273111308679859e+01 2.261897904461147846e+01 5.477058549555325584e+01 -7.674566358304114877e-02 -9.441990125247938792e-01
-1.975239151059798104e+01 8.340000891678590733e+01 -7.781064313502460195e+00 5.285913061606613184e+01 4.374986028830246454e+01 -9.769181165597075278e+00 6.390519771852775754e+00 2.372040226560834597e+01 -1.005074575878683341e+01 -5.701205961907107422e+01 2.318421324932922900e+01 -4.554823853090884889e+00
-2.180709314514927755e+01 -8.824864854739618636e+01 -7.436856994986213110e+00 1.522487545441926500e+02 2.453677949791579138e+01 7.593203297134424545e+00 -4.026600635631689684e+00 2.264297268194042090e+01 1.248174473530889728e+01 2.268705335657234556e+01 -9.695583392187755223e+00 7.278742022935602130e+00
-2.921706838112522675e+01 7.842285878237925090e+01 -1.912586912113486548e+01 -1.412772728811964953e+02 4.498349216419655505e+01 2.194867340355086327e+01 -4.856397875762965000e-01 1.919853610194571658e+01 -2.522840733047233641e+01 -5.394907145553404604e+01 1.295167189927168749e+01 -1.241179557513939180e+01
-4.009185710488524279e+01 8.271254443042859350e+01 1.918730737179919288e+01 8.159668132986355715e+01 4.189838006623114097e+01 -8.511148643137973480e+00 -2.564232028442607891e+00 2.183664799856632399e+01 -9.413671073740265127e-01 -2.141464893023767146e+01 2.285791355351842213e+01 -1.013715020455955695e+01
3.464310004341729154e+01 -7.595531954623631066e+01 -5.718413560962777531e+00 9.982969426803605018e+01 4.016442601229740461e+01 1.841645974354327464e+01 -4.840966909609637492e-01 2.060264807811978827e+01 -2.787049975258166867e+01 -8.387967799636028232e+00 2.229198598546510368e+00 1.564765888504505043e+00
2.915089603619694358e+01 8.100197460697000906e+01 -4.787527007662123246e+00 3.166789155009377854e+00 3.448870337997139046e+01 -4.519485231861295915e+00 -7.302001209460089015e+00 -9.713398486056986414e+00 -3.076460433754817370e+00 -1.556087720151883502e+01 -1.827909292735391844e+01 1.618837571174229217e-01
1.245786973651202878e+01 -8.548534991872999456e+01 -1.198687476487510040e+01 -3.867803440871250586e+01 3.656793484863135291e+01 -5.897847968417016418e+00 2.855191252764040843e+00 2.873019660337532244e+01 1.693015214485432907e+01 5.909006864985962437e+01 -1.895837258830271668e-02 5.851848369261767324e+00
4.710222750158695071e+00 8.729009557896299043e+01 -3.432141642842434059e+00 2.116844785388862782e+00 4.210204900513627280e+01 -1.440286638576755252e+01 -1.278525014431423523e+00 2.659271023016005131e+01 2.384814691287640187e+01 6.291510354164633156e+01 8.544629732433367764e+00 -4.783550914763067929e+00
-2.415853451752446546e+01 -8.712832471237148013e+01 5.268473303513978578e+00 -1.369383520613739051e+02 3.032553914773778558e+01 2.365047602031285123e+01 -1.931174458460765742e+00 -1.435759986284392653e+01 -3.164835264443964746e+01 -5.943239422002240957e+01 -1.124632597967664260e+01 2.280661653718412396e-01
-3.595460021675502560e+01 7.255565465349414467e+01 -6.024185464063232409e+00 5.000155631399962886e+01 3.951321943196158060e+01 -9.305227883694470847e+00 -3.080574712984734287e+00 2.168249717317426928e+01 -2.290024659292762266e+01 -5.681346016429958468e+01 1.160534268735836250e+01 -1.084661173075056340e+01
-1.512044004135384689e+01 -8.083569519798450642e+01 -6.831399576182960232e+00 -1.449991478805055465e+02 3.269956994263838368e+01 5.733409825008350502e+00 2.844916058897992706e+00 2.158267767441207141e+01 9.298660020396496861e+00 2.587796210815529108e+01 -1.233606611200683467e+01 -7.764721861102604983e+00
-2.621696705320978182e+01 -8.146149226296446955e+01 4.828106510948446228e+00 -6.356415815211458664e+01 2.990840436691534165e+01 1.525292544894077729e+01 -2.750095108743361383e+00 2.667056944161601351e+01 -2.587558018116205361e+01 -5.445503919839006812e+01 1.631717163518031555e+01 -5.704006605516543260e+00
-1.548471183393978556e+01 8.034070413033767011e+01 7.972687234249932864e+00 -1.444282405812545278e+02 4.057128807659257319e+01 -1.237977207043773120e+01 3.589580297217903837e+00 -1.335463168280155877e+01 1.466964856207978762e+01 2.254194403340378727e+01 5.455632156250907805e+00 1.792637396813197226e+00
5.426036803902092309e+00 8.354094643705327883e+01 4.385301726298039604e+00 -1.547387652831526168e+02 4.211698826656877515e+01 -1.234822726294904705e+01 -1.757961650810319076e+00 2.253304220290961624e+01 1.653905147368993411e+01 6.468942729163286742e+01 -1.284355184174384057e+01 9.394152701939827210e+00
4.689843485007796176e+01 -8.204310388243384011e+01 -7.056298238465636530e+00 4.776138790325407513e+01 3.369718702191391912e+01 9.984750015017144875e+00 1.502787980756037145e+00 2.256493662364176700e+01 -5.045826521257628094e+00 -5.750790711835627889e+01 1.531514543077625312e+01 -1.003372474148684912e+00
-1.641871619753622014e+01 8.656559227147484137e+01 -4.815286042160344060e+00 6.262163557968960959e+01 3.745106057054947257e+01 -1.008872803067617951e+01 -2.841160449848453950e+00 -1.397192209102513516e+01 2.826841059349672136e+01 6.314676458556561300e+01 2.592568275908410058e+01 1.052680302095061027e+00
-2.669002022538408170e+01 -7.806277783746151044e+01 5.898201884554078234e+00 -1.390494808726288340e+02 2.861646090897307104e+01 1.544196604987620880e+01 1.087410352211079401e+00 2.434900830089750556e+01 -3.647672910403729762e+00 -1.731286236293970759e+01 2.151032618398365059e+01 -4.858604419518893103e+00
-1.554520587821349764e+01 8.302205909991555188e+01 3.088471139488392581e+00 7.821545182860573675e+01 3.344498485802409959e+01 -5.440944891580993925e+00 1.618357964893027523e+00 1.656473421000983848e+01 4.945789404769563191e+00 2.218043581270654840e+01 2.503552143102517036e+01 5.760876092168761176e+00
-3.269783249135583958e+01 7.704870015353706947e+01 1.502138714037649336e+01 -1.421087125744996342e+02 3.513403570662310926e+01 -3.757431615570116623e+00 -5.248826359829100729e-01 -1.369753702186308075e+01 -1.931492944856419314e+01 -5.793402598746250476e+01 -1.610922348852552943e+01 2.314011810708330508e+00
-1.437715210770346275e+01 8.428006223080923576e+01 -5.862817290359634725e+00 -1.495355597964740184e+02 4.641026336891297177e+01 -2.608656401778153278e+00 3.092720210083058086e-01 -1.745472782780435850e+01 1.391188798000232119e+01 1.894833097152247703e+01 -1.664172843863101647e+01 4.018057537358932230e+00
