-3.044228934321651536e+00 2.680875775528721761e+01 9.974155999580105458e-01 -1.148168691691121950e+02 7.279558204774971841e-01 8.581069016232802937e-01 -1.506327675324116200e+01 -4.059347321839517519e+00 -1.419700233098946285e+01 -1.392980511838790392e+01 -1.223251888646436214e+01 -5.492689165917340688e+00
-1.326282216612306897e+01 4.731235369779675182e+01 3.840609411710552479e+00 4.294518345635010803e+01 1.874099449645727944e+00 -3.701249890051467872e+00 2.357152215369354309e+01 1.956337714633519909e+00 1.142749596681137092e+01 1.182877331709816104e+01 -5.370778417615795775e+01 7.394621729325393744e+00
2.751838493039977607e+01 -2.972637229596099928e+01 1.407431174254389816e+01 -3.104970348988150164e+00 -2.270591639681573781e+01 1.111930743022243284e+01 -5.874211566751791125e+00 -2.802159378070088636e+00 1.018590941611813960e+01 8.471543004603592664e+00 -3.632992622165416918e+01 -2.239079129809790913e+01
-1.729739636413773596e+01 1.988531519701108863e+01 -3.070946196717407872e+00 3.125162649210782462e+00 6.899464925217202449e-01 5.692378078069786795e+00 7.449862304989895989e+00 -5.197430035354653910e+01 1.440649631056077595e+01 1.728144062071890374e+01 -4.637333131601815239e+01 -6.500637160018101213e-01
6.283173653071891351e+00 -6.819252115185790331e+01 -9.406648697310799889e-01 5.666606588926612176e+01 4.058929985786576822e-01 5.111163786286480715e+00 -6.309938157587552610e+00 -2.554463582526826571e+01 2.884493674145338815e+01 2.731723072606582292e+01 3.480957230626779975e+00 5.548735412935641875e+00
-1.365727474047870516e+01 -3.390584437461939160e+01 -6.121883488132084494e+00 -1.222281604118233389e+01 4.140346090904927223e-01 7.064961143118260622e+00 6.531650338428676150e+00 1.609521028296128975e+00 -3.317679793929752918e+01 -3.066560187445269037e+01 -7.363141829177109798e+00 1.063959196724511003e-01
-5.242632388764554463e+01 3.928994671965674712e+01 -3.474192714854436304e+01 5.364659818657422363e+01 1.367570924333790572e+00 1.329286283688837500e+00 -1.306344879174764628e+01 8.660157828338157060e+00 -4.613196692181401204e+01 -5.327162417822844986e+01 3.579530033319520044e+01 1.226047315879932853e+01
-8.617572209318982601e+00 -4.399598491074031870e+01 -1.852483223173721383e+00 1.655572605318479162e+01 7.408722160771467058e-01 8.744889551403959516e+00 -2.566839916535247568e+00 -9.633354750252861365e+00 1.967306213726496367e+01 2.077037596753451965e+01 -1.316230798386131795e+01 -5.273889004070902331e+00
2.734301182802937547e+01 -4.424944853270697820e+01 1.237239755137572672e+01 9.216127357940968068e+01 1.982626635416558258e+00 -7.282737012103268626e-01 -6.480594746022063646e+00 -6.310424014067024245e-01 3.590206043179765061e+01 3.459550230424895290e+01 -2.905833173992827057e+01 -5.229730317018578489e+00
-4.241617134522068255e+01 -3.103836578529314494e+01 -1.174030379194351070e+01 -2.042092106462953893e+01 4.009213311034400817e-01 -1.023975293879242088e+01 1.073170347097514821e+01 -4.128619664617062313e+00 -2.129090594509381162e+01 -2.428864871020678606e+01 -4.513468318361418596e+00 -3.770154750312144643e+00
-1.500941805661222617e+01 -2.896588118300395109e+01 -3.804819120993194304e+00 -3.708474360753518795e+01 -5.427338872749913889e-01 -6.573517002446187973e+00 -3.013145601252877981e+01 -3.994845124750256105e+00 -1.119567072704398925e+01 -7.988728936857015128e+00 -3.295879468945943813e+01 9.760992498566082531e+00
1.698809955744820144e+01 -4.394086592105042399e+01 1.244432014927873098e+01 -1.257006318631736264e+01 5.962466914720323530e-01 3.967592263507384587e+00 -3.221003669098821121e+01 1.573668247432223666e+00 -3.396567053828978544e+01 -3.483852249007935598e+01 -1.082653164406984558e+01 -2.076752756013689805e+00
1.014414431933236926e+01 -2.443096565385240027e+01 9.889881005433139194e+00 1.968725917986681040e+01 1.378995461189908678e+00 4.961309526416698645e+00 -1.809673769103383734e+01 6.380179709686204070e+00 1.424063816444746067e+01 1.202424366051755733e+01 -3.942319888021689422e+01 1.067463387720351164e+01
4.832873260387844994e+01 6.889361403192678779e+01 8.309917738876492876e+00 7.751843541217132838e+01 2.302547574387546092e+00 1.368610969340724637e+01 4.791340061315386833e+01 1.376712424461798889e+01 -1.364871668469106680e+00 1.452773626091470760e+00 8.307089302574144085e+01 3.893576852457670157e+00
1.621702032661405468e+01 2.197753818198921749e+01 -2.983158343470655893e+00 -1.930149019761093143e+02 -6.135204424850186911e-01 -7.689175017609642282e+00 2.594589465235301873e+00 9.154350041208410005e+00 -2.490405491928243009e+00 -1.142117018734978728e+00 -1.487480979541848569e+01 5.509099340368663889e-01
6.120173049842915880e+00 -3.652513129365419076e+01 9.808807326043609720e+00 2.377907137539441251e+01 7.207972217836964290e-01 -7.910230227577104145e+00 4.018541241948128118e-01 -2.633815507332190009e+01 2.283855661163159922e+01 2.261962791904349146e+01 -4.446657693027135849e+01 -7.851818198801652215e-03
-9.981431006079912294e+00 3.436072320327730267e+01 -1.510005135827044143e+01 5.300186564830201519e+01 -1.301535479669293949e+00 1.393644508663691894e+01 -1.102394915577411183e+01 -6.479317363274537911e+01 -1.809478142741632212e+00 -4.615723655262868874e-01 -8.547227840209744443e+01 -5.946895372847521344e+00
-2.274367737500914544e+01 4.600927407053912077e+01 1.505864500332279476e+01 3.151467712896140227e+01 2.180086240838637224e+00 6.097772825889219206e+00 -2.966713764692407551e+01 -3.593677013498052020e+00 -6.352757933582310557e+01 -5.349368690687964545e+01 -1.763583884411129787e+01 -3.373698126521559004e+01
-9.407448728789216119e+00 -3.510428810476825845e+01 -3.304915568222327238e+00 -1.455610586959195984e+02 -9.590560299067831806e-01 5.596176755769874944e-01 1.347399572391114830e+01 -1.310090670328765583e+00 3.142646234633415503e+01 2.823148902359636736e+01 1.036505084420846856e+01 -1.559582365025555362e+01
3.850679573440189074e+00 -6.759389222928973595e+01 3.831820042931113335e+00 5.740354896861136069e+01 2.953287050350979825e+00 1.404207044717209385e+01 4.242124349448022258e+01 -7.556666096343903405e+00 4.540410693451067914e+01 3.957190785444618086e+01 8.152824832053713067e+01 1.405507210426762299e+01
-1.975690734179238461e+00 6.386576876266103397e+01 -6.965001333845322051e-01 8.012688005760514898e+01 4.899133380898163637e+00 1.735207635184158903e+01 4.971532405802192045e+01 1.294255511487295962e+01 5.958208791998538345e+01 5.444316259253372436e+01 8.362103364843881081e+01 -7.847693583508487336e+00
3.354224014703774515e+00 2.564701702192061816e+01 -2.656151457580527619e+00 2.371057121225724984e+00 1.025573829513106716e-01 -2.098200374475005958e+00 -1.190111792136065105e+00 -6.765707945383726951e+01 6.500860893318190392e+00 8.390269714316090699e+00 -8.604435498272883365e+01 5.208156247662998339e-01
3.130377329288178245e+00 -6.164115578452314281e+01 6.576640977405480371e+00 5.609485530035302148e+00 2.896584859061945849e-02 -7.273302881253643548e+00 -2.124245310752426619e+01 1.689463475448904184e+00 2.102988543233868057e+01 1.701914292431620623e+01 2.148583536453029907e+01 7.754864180056291190e+00
1.061160295894518413e+01 -6.932968888982895805e+01 3.594584535579201656e+00 1.101814218533720435e+02 1.344363247997861777e+00 1.132543900021478578e+01 1.460984803115299258e+01 2.069620413887200527e+01 4.839087625290832761e+01 3.766147675411374962e+01 2.946793764176095465e+01 8.581644799870019824e+00
-1.916665949912876954e+01 2.304138933846817139e+01 -6.004025991237007531e+00 -1.443597200815798658e+02 3.402759627660145725e-02 -2.345211508222227792e+00 -2.020209884453436189e+00 -6.204352899285439094e-01 -1.632857688090120973e+01 -1.531476438124417427e+01 7.099475358913167611e+00 -3.427149500469425902e+00
-7.808262169574788913e+00 -4.626684964593117400e+01 -1.460695963122533669e+01 3.542461328568001022e+01 2.202730778443964255e-01 1.292963604628708651e+01 -1.727103381561835960e+00 -1.673096675273013290e+01 -2.935430828827114169e+01 -3.468059863730434245e+01 2.207039370623732566e+01 9.007049195998050095e+00
-4.853765669568517183e-01 -4.135080934275180198e+01 3.213090359776995086e+00 6.759523868076466613e+01 1.359200269546972706e+00 1.052100445065853762e+00 -1.632685446712779509e+01 5.871268063181334540e+00 2.102489931838409376e+01 2.020518860481887202e+01 -2.974542863205777721e+01 1.642893020884045541e+00
-3.071912667368388306e+00 -5.156541767050266145e+01 4.879290068791135582e+00 1.690125510509254525e+00 -6.673235523684368786e-01 -1.154679185074081182e+00 2.438915964175011553e+00 6.170679960118869545e+00 2.924459685725477698e+01 1.965239632669688419e+01 9.821715837095506885e+00 5.780251085416757917e+00
-3.072012331358955350e+00 -2.487886359517470680e+01 -1.129942328022082165e-01 -1.732823760676829465e+02 -2.350422481551532883e-01 -1.798669626038332581e+00 -4.753700637028060783e+00 8.955197461836235107e-01 1.905419553066074911e+01 1.865953636909752333e+01 1.398748226145585249e-01 -5.930386385649086378e+00
1.262891880061765448e+01 5.163005580699170594e+01 7.330751441510415134e+00 2.662045634895784474e+01 1.768745216997871239e+00 1.520058806249394934e+01 4.091780489077081029e+00 1.180015094916171847e+01 3.457813578740729099e+01 3.092852775704190549e+01 2.555753229273227589e+01 2.774206476019401180e+00
-1.245190651982059649e+01 3.173575746153782262e+01 -1.515163820688218266e+01 -2.458741989107402404e+01 5.452451660276693701e-01 -1.402605116180247080e+01 4.673541428638145590e+00 1.523513473599891199e+00 -3.221047243213892841e+01 -4.049625910885580993e+01 -1.275259739158815364e+01 -1.494743100637417399e+01
-7.452128953722976235e-01 -5.194059751414575032e+01 -4.572512922519287315e+00 -3.102911378057137881e+01 1.161102746120349138e+00 -1.096996710526525476e+01 -2.812758993273312313e+01 -4.390130836357464261e+00 2.234654921050270104e+01 2.064457130653435968e+01 -5.491283255751011438e+01 -2.040608936391001293e+01
-2.394954052580754222e+01 1.429585606245064611e+01 -1.108828982454768664e+01 -8.907356479227539126e+01 -6.342867619999807971e-01 -1.971854821258474999e+00 -2.751319838391788153e+01 4.163271494310549770e-02 -3.245068654943392517e+01 -4.129412361143602084e+01 1.884418540122851482e+01 1.757335170392136092e+01
-4.353587013220833057e+01 4.284388911647489806e+01 -2.359586146255795214e+01 3.460837320280070628e+01 1.663192727555021122e+00 -1.078027737233320238e+01 -1.781093715786218468e+01 2.244479291563122203e+00 -1.806738376454953254e+01 -1.465935426518016271e+01 -9.742992890239037251e-01 -5.385492182776964398e+00
2.553050500796233990e+01 -3.852651889023167087e+01 2.428725569720236876e+01 5.105900773309245722e+01 2.362899431028877117e+00 4.950385928088637755e+00 1.024648774647568494e+01 8.636580868100445230e-01 -1.844647253373954499e+01 -1.151393148542217659e+01 8.759078390221404220e+00 -7.250117438454488195e+00
3.494909708911012558e+01 4.929530444945397250e+01 -2.415683251938958875e+01 4.278426145008597814e+01 -5.425698521702866373e-01 -1.501018957631564810e+01 1.889899351804229966e+01 9.424651704997723201e+00 -1.487750078326170922e+01 -1.631573372484987772e+01 -1.951526623218434509e+01 -6.712823586388765307e-01
-9.433538791703881543e-01 -3.406894555016500448e+01 -2.333738765482252120e+00 -3.875812630510626189e+00 4.615160503506823275e-01 -9.052148525423246994e+00 7.939397972769494771e+00 9.696896224284428101e-01 3.171967752252445649e+01 3.475599826534070758e+01 -1.598757320602740783e+01 -1.227444297083387248e+01
8.846902956269282470e+00 5.025145321908873797e+01 7.429211573545067893e+00 -1.320591851602846845e+01 -2.909588204729018912e-01 -7.277029712261946059e+00 -2.980891122628641199e+00 7.791686780481672514e+00 8.400302497480097941e+00 8.631091442692365945e+00 1.510747886874972323e+01 3.243968353259703008e-01
-1.177720755886767279e+01 -2.434668683274611567e+01 -2.454652932214948180e+00 -9.473361099023586007e+01 -3.345443516786161808e-02 2.907282278410662002e+00 -1.143380206094363416e+00 2.479624057783759383e+00 -1.875909260730435335e+01 -1.891964023022507035e+01 -1.180128000713268932e+01 -2.572513469356124460e+00
-2.420942274469605593e+01 3.287203268133959000e+01 -8.045773896733351194e+00 1.106074784751957196e+01 7.409846569607481115e-02 -8.897072094991990809e+00 -1.667171751853530992e+01 -1.672036327746148743e+00 -6.210023891842013199e+01 -7.447813807109650952e+01 1.909182154633809603e+01 1.321168998940970596e+01
-1.618351540458228044e+00 -4.641564421955921205e+01 3.559029172734490487e+00 -1.268224835091090057e+02 4.571120426106816126e-01 -8.313243225215401822e+00 1.674070152690390501e+00 3.316287290984867298e+00 5.831693794532739616e+00 6.226381319103182932e+00 -9.872890174068857050e+00 1.474644244166290719e+01
-2.771659424571122088e+01 -3.184929615138487691e+01 -5.243630267122902922e+00 -9.738666428261751662e+00 -9.911784767319602452e-01 1.251472440333010638e+01 -7.838125862429059509e+00 2.561609360697332249e-01 -3.383586087527615405e+01 -3.549487122177814058e+01 1.831785997437035007e+01 9.986765021180730173e+00
-3.910404465752257863e+00 2.317340138103047309e+01 1.315530610227042985e+00 -1.625456452006312418e+02 -5.239914467859634328e-01 -8.026783119193936500e-02 5.566421551942944745e+00 2.200688686995320609e+00 4.368512080832374522e+00 5.421178614596229295e+00 -7.761199019401772148e+00 -1.062615548222254347e+00
-7.117568987161121186e+00 2.265623694696513724e+01 -1.295133318174883641e+00 -1.727835204922224648e+02 3.413502031508386381e-01 -4.593507623221562142e+00 -1.345481972522875935e+00 -8.778515755342944260e+00 1.008942899975005503e+01 1.187639040064236440e+01 -1.737617632258013600e+01 -1.907367464999018125e+01
2.176325467171797357e+01 -5.392573799539264456e+01 1.669260443986951614e+00 3.214205916707860666e+01 5.075376665391484465e-01 -1.073877865108167029e+01 2.725667998513859658e+00 -3.912276297073786324e+00 -3.222039467386522915e+01 -3.825814905699782287e+01 3.304680310865196446e+01 -1.037955416932502573e+01
-1.984619572533240017e+01 4.171750086831531235e+01 -1.296958059608778413e+01 6.314015760960332813e+01 -7.634747242893169528e-01 -2.891676136122829632e+01 6.407581395628085374e+00 -5.983517097242048521e+01 3.476640110159588914e+01 2.990845510054793976e+01 3.825008373895833813e+00 -5.186311863939160105e+00
-2.900097964178196719e+01 -4.262230865603790875e+01 -1.715328437999349376e+01 -1.269700067312645331e+02 -8.323344081179016030e-01 -3.091181019274060304e+00 8.228806235294022997e+00 2.484068100733288986e+00 -7.376170819640236687e+00 -3.217291229133849129e+00 3.882830208417526308e+01 7.497221283867162356e+00
2.582267039743584292e-01 4.997970314403546155e+01 -8.793346209225568089e+00 8.241411382591797974e+01 2.533224527752125255e+00 -1.824939927201288015e+01 -1.417687432225825006e+01 1.746244101725109488e+01 7.182579948820063009e+00 7.463305087970766749e+00 2.732647091314368026e+01 -9.454118435554079269e+00
-7.784247121149171278e+00 2.266294237198998474e+01 2.406204099340307323e+00 -1.183082167673205447e+02 -2.130769531127469918e-01 3.979843933289544111e-01 3.570018265739690833e+00 5.617045624629582790e+00 -1.321947854782906973e+01 -1.583919020878381900e+01 -1.665808429179637074e+01 4.358150725415953275e+00
-8.176521760126135518e+00 2.271264022752794887e+01 -3.676550132866339027e+00 -1.769052934075164103e+02 -2.675480016828473140e-01 -5.927569576070197854e+00 7.138110938853827747e-01 2.856049391169278806e+00 6.507180591205681708e+00 7.552745712066055717e+00 -1.558490218422585372e+01 -5.780408235983458098e+00
