-1.068342940673651142e+01 4.069910327875679457e+01 1.473888117360075967e-01 -5.760937725271794818e+01 5.191092276329207778e-01 5.845103645849683005e+00 -3.437329070582336499e+00 1.496509024672693755e+00 -1.012177507433228385e+01 -2.647256330310290906e+01 -1.602096162964627979e+01 -3.947244347092379257e+00
9.989043667982741681e+00 4.069910327875678036e+01 -8.653203867104863889e-02 -1.213784362290079066e+01 5.191092276329030142e-01 3.879629936464304762e+00 1.591523509477280385e+00 1.496509024672660892e+00 1.222372779317939973e+01 2.746766662282649563e+01 -5.111277386632919928e+01 -3.947244347092244254e+00
3.066151674270210847e+01 -4.131852723067295585e+01 -2.034924638745252423e-01 -1.971643256120367838e+01 -1.734518679162454191e+01 -3.982264901077215313e+00 -3.437329070582379131e+00 1.496509024672651123e+00 3.285526646174716348e+00 9.503410549826682541e+00 -2.771823237520723637e+01 -8.662615268886284525e+00
-1.068342940673663932e+01 4.069910327875675904e+01 3.042838653247414982e-02 8.638381257503633037e+01 5.191092276329136723e-01 -3.982264901077201102e+00 1.591523509477212883e+00 -6.348877464778315272e+00 7.754627219677075800e+00 2.388430774961246073e+01 -2.966777749946731291e+01 9.127907396589307609e-02
9.989043667982723917e+00 -4.131852723067292743e+01 3.042838653246349168e-02 3.333369000691635620e+01 5.191092276329385413e-01 1.914156227078933625e+00 1.591523509477230647e+00 -2.426184220052849838e+00 1.818252855784918864e+01 4.903901242250529435e+01 1.524944488695162192e+00 4.806649995759926242e+00
-3.135590248145586401e+01 -4.131852723067296296e+01 3.228294495412455944e-01 8.638381257503635879e+01 5.191092276329243305e-01 1.914156227078869676e+00 1.591523509477305254e+00 1.496509024672633359e+00 -2.352907679483932668e+01 -6.600816517578141429e+01 -3.356686774798765782e+01 -1.253391294163023417e+00
-3.135590248145585690e+01 4.069910327875669509e+01 -3.204528890780269368e-01 2.575510106861350934e+01 5.191092276329071220e-01 -5.947738610462636188e+00 -3.437329070582396451e+00 1.496509024672663335e+00 -1.608057583900204790e+01 -5.162726797599566453e+01 4.831402747093908090e+01 6.155832680560322956e+00
-1.068342940673652031e+01 -4.131852723067295585e+01 1.473888117360075967e-01 3.019334253704938575e+00 5.191092276328621580e-01 1.914156227078914085e+00 1.591523509477289267e+00 -2.426184220052780560e+00 9.244327410844562110e+00 2.746766662282652760e+01 -2.966777749946746212e+01 2.785132126895064175e+00
3.066151674270208716e+01 -4.131852723067292743e+01 -1.450122512727887170e-01 4.091227894521918529e+01 5.191092276329385413e-01 5.845103645849743401e+00 -3.437329070582389789e+00 1.496509024672612043e+00 1.222372779317934288e+01 3.465811522271939538e+01 -2.186959700242680427e+01 -3.947244347092279781e+00
-3.135590248145578585e+01 -4.131852723067288480e+01 -3.204528890780409256e-01 -3.487361043780931880e+01 5.191092276329953847e-01 -2.016791191691623908e+00 1.591523509477326570e+00 -2.426184220052846285e+00 -1.459087564783453672e+01 -4.443681937610284649e+01 -4.323690884085436892e+00 4.134314811695361414e+00
-3.135590248145575742e+01 -4.131852723067289901e+01 2.058690243378222817e-01 -4.245219937611227579e+01 5.191092276331161770e-01 -5.947738610462664610e+00 -3.437329070582435975e+00 -2.426184220052789442e+00 -5.652674500829846238e+00 -1.209166610331703851e+01 -6.086049948763002249e+01 7.500503048688926810e+00
3.066151674270211913e+01 -4.131852723067288480e+01 -3.204528890780338202e-01 -2.729502149950640444e+01 5.191092276328390653e-01 5.845103645849597740e+00 -3.437329070582393342e+00 1.496509024672661781e+00 -1.757027603016950934e+01 -4.804390910278166871e+01 -4.323690884085351627e+00 -2.602573978963505397e+00
-1.068342940673658248e+01 -4.131852723067285638e+01 8.890859913420356975e-02 -1.213784362290082797e+01 5.191092276329989375e-01 -5.947738610462508291e+00 -3.437329070582414658e+00 1.496509024672629806e+00 6.264927028509568174e+00 1.669385914971961427e+01 -3.941550312076812190e+01 1.440461758766176104e+00
3.066151674270194150e+01 4.069910327875676614e+01 -2.034924638745607695e-01 1.059792319200774102e+01 5.191092276329669630e-01 5.845103645849725638e+00 -3.437329070582400448e+00 1.496509024672576516e+00 -2.673274118495015728e+00 -4.901217503424263100e+00 5.221311771945946134e+01 9.127907396577938925e-02
3.066151674270201255e+01 4.069910327875679457e+01 -3.204528890779911876e-01 -8.792373300592925034e+01 5.191092276328994615e-01 -3.982264901077289920e+00 1.591523509477301701e+00 -2.426184220052878260e+00 -5.652674500829952819e+00 -1.209166610331710245e+01 -3.746595799650803826e+01 -1.253391294163037628e+00
-1.068342940673655761e+01 -4.131852723067294164e+01 8.890859913427107131e-02 -4.559254684597918938e+00 5.191092276328674870e-01 -5.947738610462618425e+00 -3.437329070582309853e+00 -2.426184220052796547e+00 1.222372779317943525e+01 3.107475634950551324e+01 -3.941550312076827822e+01 4.134314811695439573e+00
-1.068342940673655406e+01 4.069910327875679457e+01 2.058690243377263585e-01 2.575510106861354842e+01 5.191092276329216659e-01 5.845103645849670571e+00 -3.437329070582364920e+00 -6.348877464778313495e+00 3.061262638398434266e-01 2.289231096468771209e+00 -6.086049948763002249e+01 1.019435610161836081e+01
-3.135590248145579295e+01 4.069910327875674483e+01 2.643492369394948582e-01 -4.559254684597927820e+00 5.191092276328674870e-01 5.845103645849629714e+00 -3.437329070582300972e+00 1.496509024672697308e+00 -1.459087564783463620e+01 -3.366301190299586921e+01 -1.407141650538605404e+01 -8.662615268886362685e+00
9.989043667982739905e+00 -4.131852723067293454e+01 -2.805182606929434996e-02 -7.276655512932366321e+01 5.191092276328816979e-01 5.845103645849642149e+00 -3.437329070582364920e+00 1.496509024672656452e+00 2.414132932251907349e+01 7.061035822218414637e+01 2.102039573129672334e+01 -8.662615268886320052e+00
-1.068342940673662866e+01 -4.131852723067292743e+01 3.042838653249901881e-02 2.575510106861353421e+01 5.191092276329172250e-01 5.845103645849611951e+00 -3.437329070582386237e+00 -2.426184220052824969e+00 1.818252855784919575e+01 4.184856382261234842e+01 6.975902383780082516e+01 1.019435610161843897e+01
-1.068342940673650787e+01 4.069910327875676614e+01 8.890859913421422789e-02 1.059792319200774813e+01 5.191092276329030142e-01 5.845103645849697216e+00 -3.437329070582357815e+00 1.496509024672732835e+00 1.520312817551429418e+01 3.826520494939823891e+01 5.026357259519909348e+01 -2.602573978963334866e+00
9.989043667982752339e+00 4.069910327875679457e+01 -1.450122512727211044e-01 -1.971643256120367482e+01 5.191092276328790334e-01 1.914156227078935180e+00 1.591523509477247078e+00 -6.348877464778307278e+00 1.222372779317939617e+01 2.746766662282651339e+01 -6.086049948762995143e+01 -2.602573978963448553e+00
9.989043667982759445e+00 -4.131852723067300559e+01 -8.653203867100245361e-02 1.059792319200774813e+01 5.191092276328106436e-01 -5.131748230663646382e-02 1.591523509477212883e+00 1.496509024672647570e+00 2.414132932251904151e+01 5.983655074907721882e+01 4.831402747093923722e+01 4.134314811695546155e+00
9.989043667982741681e+00 -4.131852723067292743e+01 -2.805182606923040112e-02 4.849086788352212807e+01 5.191092276327466948e-01 -2.016791191691986285e+00 1.591523509477227094e+00 1.496509024672604937e+00 2.265162913135156941e+01 6.702699934897034950e+01 1.517176035851629479e+01 -1.253391294163080261e+00
-3.135590248145583203e+01 4.069910327875685141e+01 2.643492369395623598e-01 -8.034514406762663441e+01 5.191092276328106436e-01 -5.131748230655475140e-02 1.591523509477344334e+00 1.496509024672729282e+00 -1.310117545666710726e+01 -3.366301190299579105e+01 2.686903110407729400e+01 -3.947244347092279781e+00
-1.068342940673650787e+01 -4.131852723067287059e+01 2.058690243377161444e-01 3.333369000691633488e+01 5.191092276329001276e-01 3.879629936464297657e+00 1.591523509477279275e+00 -2.426184220052818752e+00 -1.161147526549974529e+01 -4.085346050288876540e+01 5.611220796797967125e+01 4.806649995759883609e+00
-1.068342940673652919e+01 -4.131852723067288480e+01 1.473888117359956063e-01 4.849086788352197885e+01 5.191092276329172250e-01 5.845103645849668794e+00 -3.437329070582358703e+00 1.496509024672683541e+00 6.264927028509661433e+00 1.669385914971958584e+01 -2.966777749946734133e+01 9.127907396574386212e-02
9.989043667982766550e+00 -4.131852723067292033e+01 -2.805182606931211353e-02 -1.971643256120362508e+01 5.191092276328888033e-01 1.914156227078912309e+00 1.591523509477283937e+00 1.496509024672668886e+00 2.116192894018416126e+01 6.341990962229108675e+01 7.373579861475665354e+00 9.127907396576517840e-02
9.989043667982809183e+00 -4.131852723067282795e+01 -2.805182606931388989e-02 -8.034514406762642125e+01 5.191092276328372890e-01 -2.016791191692002272e+00 1.591523509477273279e+00 1.496509024672709742e+00 1.520312817551440077e+01 4.184856382261234842e+01 -4.323690884085358732e+00 -3.947244347092272676e+00
9.989043667982791419e+00 4.069910327875671641e+01 3.042838653247770253e-02 -1.971643256120372456e+01 5.191092276329243305e-01 1.914156227079015338e+00 1.591523509477234199e+00 1.496509024672640464e+00 1.520312817551436524e+01 4.184856382261224894e+01 1.712130548277647790e+01 -1.253391294163009206e+00
-1.068342940673656472e+01 4.069910327875678036e+01 2.058690243377325757e-01 -3.487361043780940406e+01 5.191092276329203337e-01 -5.131748230646593356e-02 1.591523509477304366e+00 1.496509024672670662e+00 -1.012177507433230161e+01 -3.366301190299590473e+01 3.271766647685778651e+01 6.155832680560337167e+00
-1.068342940673650965e+01 -4.131852723067289190e+01 3.042838653251855874e-02 -2.729502149950651457e+01 5.191092276329722921e-01 5.845103645849638596e+00 -3.437329070582400448e+00 1.496509024672661781e+00 1.222372779317942815e+01 3.107475634950551324e+01 -2.966777749946745502e+01 -4.619579531156723817e+00
-3.135590248145588532e+01 4.069910327875683009e+01 -3.204528890780125039e-01 -7.276655512932367742e+01 5.191092276329669630e-01 5.845103645849761165e+00 -3.437329070582311630e+00 1.496509024672683097e+00 -1.757027603016960882e+01 -6.242480630256753216e+01 3.661675672537809589e+01 1.490972702341240108e+01
-3.135590248145594572e+01 4.069910327875685851e+01 2.643492369394948582e-01 1.059792319200777300e+01 5.191092276328852506e-01 -2.016791191691893914e+00 1.591523509477323017e+00 1.496509024672651123e+00 -4.162974309662509143e+00 -8.484576376638138129e+00 4.831402747093915195e+01 2.785132126895035753e+00
3.066151674270205518e+01 -4.131852723067294164e+01 -3.204528890780315997e-01 5.606945682182485768e+01 5.191092276329154487e-01 3.879629936464307427e+00 1.591523509477312581e+00 1.496509024672621146e+00 -1.161147526549976661e+01 -2.647256330310293393e+01 3.474489612955352413e+00 -8.662615268886337816e+00
3.066151674270196992e+01 4.069910327875665956e+01 -3.204528890780427020e-01 -1.213784362290078178e+01 5.191092276328941324e-01 -3.982264901077259722e+00 1.591523509477273279e+00 -2.426184220052839180e+00 -8.632074883164875700e+00 -1.928211470320996668e+01 -4.721368361780867673e+01 -4.619579531156706054e+00
9.989043667982755892e+00 -4.131852723067292743e+01 -2.805182606923040112e-02 7.880522363673335917e+01 5.191092276329563049e-01 -2.016791191691922336e+00 1.591523509477276832e+00 1.496509024672661781e+00 1.818252855784919575e+01 5.622946102239808397e+01 -2.186959700242675808e+01 -8.662615268886213471e+00
9.989043667982642205e+00 4.069910327875683720e+01 -2.805182606931566625e-02 -1.213784362290088126e+01 5.191092276329101196e-01 -2.016791191691687857e+00 1.591523509477205778e+00 1.496509024672484145e+00 2.414132932251895625e+01 7.421744794886302543e+01 1.322221523425622536e+01 4.806649995759983085e+00
-3.135590248145568637e+01 -4.131852723067287059e+01 2.058690243377725437e-01 -8.792373300592919350e+01 5.191092276327538002e-01 5.845103645849349050e+00 -3.437329070582322288e+00 -2.426184220052732599e+00 -1.608057583900196619e+01 -4.443681937610270438e+01 -3.551641287224782673e+01 -3.947244347092350836e+00
-3.135590248145587822e+01 4.069910327875670930e+01 2.643492369394895292e-01 6.364804576012776494e+01 5.191092276328950206e-01 -5.947738610462643294e+00 -3.437329070582373802e+00 1.496509024672654675e+00 -2.650847717717421403e+01 -8.399615210224625628e+01 4.051584697389845502e+01 6.155832680560330061e+00
-1.068342940673650077e+01 -4.131852723067283506e+01 8.890859913432080930e-02 -6.518796619102076306e+01 5.191092276328106436e-01 -2.016791191691886809e+00 1.591523509477333675e+00 1.496509024672683097e+00 3.285526646174801613e+00 9.503410549826753595e+00 -3.941550312076822138e+01 4.134314811695276148e+00
-3.135590248145581427e+01 -4.131852723067283506e+01 3.228294495412615817e-01 8.638381257503621669e+01 5.191092276328959088e-01 5.845103645849660801e+00 -3.437329070582338719e+00 1.496509024672675991e+00 -1.459087564783464686e+01 -4.443681937610271149e+01 3.466721160111789857e+01 4.134314811695467995e+00
-1.068342940673649721e+01 4.069910327875680167e+01 8.890859913428172945e-02 -8.034514406762654914e+01 5.191092276328816979e-01 -5.947738610462645070e+00 -3.437329070582347157e+00 -2.426184220052775231e+00 3.285526646174758980e+00 9.503410549826732279e+00 -1.017232625686587255e+01 -2.602573978963484080e+00
9.989043667982748786e+00 4.069910327875671641e+01 -2.805182606926237554e-02 -7.276655512932360637e+01 5.191092276328816979e-01 -3.982264901077216646e+00 1.591523509477275944e+00 1.496509024672685761e+00 1.371342798434688603e+01 3.826520494939831707e+01 -2.186959700242677229e+01 -8.662615268886316500e+00
3.066151674270206584e+01 -4.131852723067299848e+01 -2.619726764763363747e-01 6.364804576012783599e+01 5.191092276327839983e-01 3.879629936464395357e+00 1.591523509477239529e+00 1.496509024672581845e+00 -1.012177507433234069e+01 -3.366301190299587631e+01 3.856630184963835717e+01 4.134314811695503522e+00
-1.068342940673653629e+01 4.069910327875664535e+01 3.042838653252033509e-02 6.364804576012773651e+01 5.191092276328888033e-01 -3.982264901077279262e+00 1.591523509477362097e+00 -2.426184220052874707e+00 1.818252855784916733e+01 4.545565354929121327e+01 2.881857622833749133e+01 1.440461758766417688e+00
-3.135590248145587111e+01 -4.131852723067290611e+01 2.643492369394779828e-01 -8.792373300592949192e+01 5.191092276329802857e-01 5.845103645849758500e+00 -3.437329070582326729e+00 1.496509024672688426e+00 -1.183573927327628894e+00 -1.294127776745185088e+00 9.900220070170334452e+01 1.356054433861206121e+01
-1.068342940673651498e+01 4.069910327875676614e+01 1.473888117359720695e-01 2.575510106861348447e+01 5.191092276328106436e-01 -5.131748230645172271e-02 1.591523509477262621e+00 1.496509024672654675e+00 6.264927028509546858e+00 1.669385914971954321e+01 8.535538483188203429e+01 -1.253391294162838676e+00
-3.135590248145576453e+01 4.069910327875671641e+01 3.228294495413024379e-01 -8.034514406762642125e+01 5.191092276330664390e-01 -2.016791191691879703e+00 1.591523509477269727e+00 -2.426184220052789442e+00 -1.310117545666719252e+01 -4.085346050288868014e+01 -5.891095436336988200e+01 2.785132126894893645e+00
-1.068342940673657182e+01 4.069910327875687273e+01 8.890859913423199146e-02 -7.276655512932383374e+01 5.191092276329332122e-01 -5.131748230646770992e-02 1.591523509477326570e+00 -2.426184220052784113e+00 7.754627219677157512e+00 2.027721802293360298e+01 -3.941550312076823559e+01 -1.253391294163016312e+00
