-5.989046396651382054e+00 2.230781115528267122e+01 9.089307124359464751e-01 -1.488545377211083292e+02 5.893297320279131668e-01 6.256029519717522192e+00 1.522683372577660066e-02 3.706490334822326815e+00 -2.099082556844479086e+00 -2.057562813989693495e+01 -8.222801555460463874e+00 1.584460587607168236e+00
6.304293773290989833e+00 4.340122296899851762e+01 1.196227540050745830e+00 -2.338680554823508828e+01 1.918898315312986824e+00 1.016950184887058484e+01 -1.434472499726859063e+01 9.410330879070693655e+00 1.851848852842903881e+01 2.737902058526123028e+01 -2.470914005627051679e+01 1.423223312922544892e+00
3.502035668466155016e+01 -4.017107803995087778e+01 -6.273734055862732362e+00 2.162845916060633300e+01 -2.663210214386841557e+01 -4.368427064457767628e+00 5.858882794691259832e+00 6.472236741830798223e+00 5.577095690514336290e+00 6.515993453570954941e+00 -1.541301855623672346e+01 3.612472826731295328e+00
-1.309430184999784075e+01 2.869612342162679752e+01 8.147755539513781287e-01 -7.647752468973271789e+01 8.834366449051387349e-01 -1.099497041716617574e+01 8.802137794126210224e-01 -3.086732228809294298e+01 8.836493859132673379e+00 1.146512283885518002e+01 -9.256584338876095330e+00 -1.781675510848970134e-01
9.658293918693381386e+00 -6.022546554882155334e+01 4.115467476596528229e-01 9.053208589844732046e+01 1.290908609089942871e+00 2.757015227490281717e+00 -7.620739222787740630e+00 -1.389302509033891297e+01 2.404317520595486712e+01 4.752442173434491224e+01 -2.357986870706007210e+00 -1.180879982030518249e+00
-1.443152641618570442e+01 -2.529476109351518787e+01 4.517123245629854011e+00 -4.139265148795584537e+01 1.694500996972365670e-01 9.407247211723337443e-01 2.299769912276452999e+00 3.801707223529163571e+00 -2.089845602150026593e+01 -2.688481729401090092e+01 -6.505625382553418490e+00 2.670795022478671399e-01
-2.900127883007268892e+01 3.876133067199068449e+01 -1.330590068778298907e+01 7.426131625691118643e+01 7.662292357802797937e-01 -7.416737977420382322e+00 3.898552814246780684e-01 9.634059429443576406e+00 -2.561386620028599026e+01 -8.051431052580159076e+01 1.232024107079629616e+01 -1.339221985682730320e+00
-1.117558599011452181e+01 -4.768720093272817451e+01 1.043289586583533435e-01 1.594582903026770992e+01 1.246896260015313729e+00 9.517809972884681002e-01 -2.116818650787245204e+01 -1.188476271464604217e+01 9.163223112014982519e+00 2.190045309014045927e+01 -1.134109353030458323e+01 -8.783092951379316560e-01
3.382666539913110881e+01 -5.749664661583258862e+01 1.222308704757537612e+00 1.324994866873506112e+02 1.728550316256544761e+00 1.664554453323115268e+01 1.466763584582736257e+00 7.966783473250011127e+00 2.275943683716795363e+01 4.399614988230447921e+01 -1.865730606685917792e+01 1.816452758842757476e+00
-2.886205083984296493e+01 -4.428814375858812014e+01 -2.096348487520053538e+00 3.829166348796324826e+01 9.371691157334893774e-01 -2.176929513723852239e+00 2.192137615204845247e+01 -1.285244627693228026e+01 -7.369847736583032827e+00 -4.303974699821797145e+01 -2.203578394289849030e+00 -1.924549326176418163e+00
-6.637640098170571434e+00 -2.487932423264302173e+01 1.944806362216574769e+00 -7.739706086914904404e+01 7.439048953014264498e-01 -9.759999111686568085e-01 -1.681185112885277277e+01 -6.738061889873314669e+00 -3.203804083883255771e+00 -1.313117256205592298e+01 -1.223858341144681106e+01 -1.676746079753627328e+00
3.440753783990697912e+01 -4.384066680161955532e+01 -1.374014977677300209e+01 4.160010642378420442e+01 -4.022323276541115433e-01 8.379483315073223082e+00 -1.001476381407419041e+02 8.681693263158621221e+00 -2.813416374235103490e+00 -5.106634590430834919e+01 -3.261047311665720372e+00 2.107850549267610063e+00
-1.452463788469568406e+01 -4.827151945580189363e+01 1.009518575685388608e+00 3.211156602947141181e+01 1.948919237755041500e+00 -5.273583757710037290e+00 3.129578208363940206e+01 7.458003405283037068e+00 1.100884356962425770e+01 1.537842066957820464e+01 -1.715750811399183107e+01 -1.056172481841663569e+00
5.035778977806290868e+01 6.884669821339430484e+01 -8.216309712895693451e+00 1.673669351523674322e+02 4.193805554785456025e+00 1.890505192100937393e+01 6.768548944066780848e+01 1.135535455365949531e+01 5.031755857081861905e+00 -8.250229771037652426e+00 2.832674418298711316e+01 3.954085233194746252e-01
1.765751963043530282e+01 2.110183571809383096e+01 -5.328918998677600882e+00 -1.662658219996499724e+02 7.469678267598709454e-01 -4.984985718849706871e+00 -6.159386616638094836e+00 -6.152436437502814215e+00 -4.167097610763690341e+00 -7.121129964094365050e+00 -8.811119960677615381e+00 5.421765590976121985e-01
-1.373094708517892393e+01 -5.254255584188001649e+01 5.687946119444848847e-01 5.447091551575932300e+01 1.449260486486624089e+00 -4.415605453056979712e+00 4.135552516864090933e+01 -1.363987873072703216e+01 1.627890840826040630e+01 3.426603942987559037e+01 -1.835626295195893931e+01 -3.658626500505747003e+00
-2.005442284461749125e+01 4.572130139991364928e+01 5.731020036777291438e+00 7.081245594327778292e+01 1.488906431636846550e+00 1.459292103963614018e+01 -4.974973709104000719e+00 -4.214637896318207311e+01 9.410404569629449156e-02 -8.721125064317678977e+00 -4.150588698412296651e+01 -4.991530299324722364e+00
-2.992798825214648417e+01 4.941355888737387403e+01 1.073576474607749631e+01 6.192254640918825004e+01 2.208463152854603706e+00 1.235783710336068886e+01 3.322263179834965996e+01 9.237602833128688573e+00 -1.905829400087080927e+01 -5.505921133884243091e+01 -8.130523495523718225e+00 8.907831924670816193e+00
-1.263546093098113943e+00 -2.432409311639073479e+01 -1.818974586436326035e-01 -1.509071445946709389e+02 2.136680603462224326e-01 6.516128689382846062e+00 1.345076762138664606e+01 1.807475637644429867e+00 -3.955849587293130298e+00 3.667345088784826856e+01 3.171325384672030623e+00 5.422420756945882658e-01
-1.574104235155895992e+01 -6.073925175523202569e+01 -6.326938724910533551e-01 1.002372718322450140e+02 2.022080857490621497e+00 1.901913141230908622e+01 2.708520392004136568e+01 -1.204129946122063188e+01 2.194131817253433780e+01 5.908132056797640530e+01 4.436927207031358478e+01 -5.018955394318368235e+00
-4.913921034928989684e+00 7.028100508112640910e+01 7.992390821647177290e-02 1.703173001678563878e+02 3.751299824575340836e+00 1.567261007922938632e+01 7.818721299076192111e+01 8.027679493832550861e+00 1.811604110593157202e+01 6.016396199369052056e+01 2.662951550454982907e+01 3.228589187935540394e+00
1.206859123866732375e+01 5.074215684911592916e+01 -5.795858277139846138e+00 5.469900449922825914e+01 2.340825285885095752e+00 4.250300105547800911e+00 6.678085805706150069e+00 -3.671751828343677460e+01 1.277786792315751541e+01 2.693743828413404628e+01 -3.446557068246096378e+01 3.886002976247326046e+00
3.496783840076130190e+00 -5.298092668460799359e+01 2.469969422532228620e+00 3.556916571393880844e+01 1.232464216578158300e+00 -3.479499847879381491e+00 -2.547039015038149756e+01 5.223490682983904065e+00 7.171975118658938442e+00 3.910462460503828197e+01 1.739716265433686004e+01 -2.331062733803683784e-01
7.940570709387422710e+00 -5.787668050126837471e+01 9.749613541733452848e-01 1.444590737838379368e+02 1.118838602078369604e+00 -8.130983325453883026e+00 2.363444648785971935e+00 8.967940362630798745e+00 2.537451987313642121e+01 5.619561292362163840e+01 3.682716901675149757e+00 2.988396889220723551e-01
-1.393414059348344125e+01 2.127655119478400536e+01 3.855973501319937213e+00 -1.539907899646414933e+02 9.450082341924641582e-01 -1.196112931045497874e+00 -5.778278880887853575e+00 4.587663170561889103e+00 -9.059140023364705030e+00 -1.853228378770907625e+01 1.822517986104969623e+00 1.060634521701530275e+00
-1.354997449297170498e+01 -5.538101881034847196e+01 1.747566252678961263e+00 7.003917374399287610e+01 6.282274204105817716e-01 1.060804532658559296e+01 -1.995203916580479131e-01 -1.318468935332090197e+01 -1.323993689029565246e+01 -4.013563524283241435e+01 1.888353167899838425e+01 -1.635976719712317617e+00
-1.941327852411854593e+01 -5.650608896718961205e+01 6.972114097351779449e+00 9.757402518710617301e+01 5.367239556696894454e-01 8.455452712376693825e+00 -2.143807257353919837e+01 9.743301369820995816e+00 1.356537771358191335e+01 1.033648917030863146e+01 -1.693729244150681978e+01 4.331825452979956026e-01
9.588736320912083499e-01 -5.494812681476403071e+01 -4.943019586400376753e-02 1.240170333414383386e+01 1.092915285133700731e+00 3.532761932257384885e+00 -1.617506332641171607e+00 1.201428623459514622e+00 -2.504072431944285526e+01 4.115956061016137113e+01 8.812000652661069466e-01 -6.056257494460481894e-01
4.047935517173819164e+00 -2.335228529355561022e+01 -1.066311011007840648e+00 -1.575092131167718321e+02 5.332614834893050215e-01 -2.820664779857573023e+00 -8.666102477221571121e+00 4.561667087003684173e+00 9.688377707378180048e+00 1.960281589883872755e+01 -3.044403103401805311e+00 1.149861551598064580e+00
7.086848260650874920e+00 5.785627292133651878e+01 -1.570292102998067207e+00 5.056251583579226860e+01 2.329321476425043613e+00 5.455072073171535862e+00 7.370502777155650165e+00 4.754515105163662270e+00 -6.578577034761664777e+00 4.127265433527043115e+01 5.303766545160300439e+00 1.099950635353650341e-01
-1.805951859257035963e+01 6.022208623741329347e+01 7.247432418111426244e+00 7.965378580599366387e+01 2.214331812930510068e+00 -1.425825192888744652e+00 4.130768436152038703e+01 1.299827254749784089e+01 -1.847158741875716714e+00 -4.402200958342061909e+01 3.048904126076052989e+00 -3.558912892104615366e+00
-1.002173829795255600e+01 -4.579656853675714245e+01 3.382195581137636964e-02 2.618970684269937976e+01 4.222447307167698227e-03 8.971936713482815406e+00 -1.017687189737005440e+02 9.665141221996229604e+00 7.663057130674438611e+00 2.931129480229176920e+01 -1.030907064445831622e+01 7.307935534916367715e-01
-1.202599097817196139e+01 1.934972680758827579e+01 -3.891920450708965973e+00 -1.187910862158436771e+02 5.501703504375754505e-01 7.027403246785020485e+00 1.375201172840036179e+00 3.867913110676774124e+00 -1.198081298157022445e+01 -5.486113361435950253e+01 5.460023581724612995e+00 -5.021891601865206667e+00
-3.320680170782091523e+01 4.785373787796250156e+01 7.099481737241697843e+00 4.071129920182610817e+01 1.478053089607347381e+00 -9.125641520386871264e+00 -3.256850245201317762e+01 1.054416825523982482e+01 -8.500416865825680901e+00 -1.265035890478456437e+01 1.222300461425925278e+01 -6.961995537786407340e-01
4.427000872495590755e+01 -5.788162308583948601e+01 -2.241510092313167135e+01 1.025039223736583835e+02 9.713931118335317194e-01 6.137273166450780693e+00 1.795458862320651861e+01 1.182400344947442328e+01 -2.997135101440994021e+01 -1.768298678404151048e+01 -1.840952976887543002e+00 7.192261533015297914e+00
2.904860368095949497e+01 3.495582561777636244e+01 -6.810674739130547550e+00 -2.204188793996242879e+01 1.427828497000257713e+00 -7.899979340555752572e+00 -1.278383380588981666e+01 -1.281728057271565113e+01 -6.820682767965493554e+00 -1.765092566332510415e+01 -1.660881954522623261e+01 1.910629110327420221e+00
6.960737320916585702e+00 -4.534225309472942200e+01 -1.480608826889603158e+00 -2.677577361534860856e+01 8.767862650921873779e-01 -7.351836934947193924e+00 1.570138708350309553e+00 8.528414690899293049e+00 3.272822253649876245e+01 3.201219134855661252e+01 -8.340078660992032766e+00 4.302617432557466870e+00
-4.372438727327464747e+00 3.882997806481100156e+01 -8.338931583959181548e-01 -4.544210409002510431e+01 5.576064446244697326e-01 -8.459309123411673070e+00 -2.306613708956989939e+01 5.863880413001209213e+00 -1.818660945551575026e+01 3.809115510949210659e+01 1.167215332785819015e+00 6.570113010580804769e-01
-1.100055480947876418e+01 -2.128127249248842645e+01 2.092103215456504017e+00 -9.092652398753503462e+01 5.321956370108793521e-01 4.395584785357193880e+00 3.146894920407056873e+00 -4.752304442801474238e+00 -8.522923960328739668e+00 -3.394301329007703316e+01 -1.019581699859782020e+01 1.513233850608401099e+00
-2.647610166889472794e+01 2.724878240438783195e+01 1.229254925349916761e+01 5.469313171148115771e-01 4.879998930899276388e-01 -4.221515061413512626e+00 -2.565607806915505762e+01 6.351760540896549401e+00 -5.333543822348318031e+01 -6.116724137558401253e+01 5.103461686824601884e+00 -2.597618438206694691e+00
-5.849936407645685676e+00 -2.245269577929846605e+01 4.987765388731162375e-01 -1.349327764529873264e+02 9.310262739766983486e-02 -2.379709993204926377e+00 -3.224285426711197999e+00 4.314273410594331892e+00 8.000891390081221743e-01 2.622055051139014381e+00 -8.225162083954188574e+00 -5.764780797109381183e-01
-1.812529099765623641e+01 -2.892355032473257737e+01 6.123057420571285547e+00 -4.469628903691903332e+01 4.116070442307133703e-01 1.019521761570359075e+01 -5.249379090762005262e+00 4.597268828969014010e+00 -1.965935365003662127e+01 -3.159534617653056898e+01 4.853216273432664707e+00 -1.343140897438686920e+00
-7.663524427568219721e+00 2.352288329375094378e+01 1.344805754926586161e+00 -1.346816967460092087e+02 6.529353902174577229e-01 -1.570589749395281842e+00 1.949503586023750046e+01 -5.342324295803763334e+00 2.577734693421092516e+00 7.960322105960031536e+00 -5.907608423633419648e+00 1.205567234368487561e+00
2.692204094254755375e+00 2.235362110650226697e+01 -1.481993304606397999e+00 -2.041685053585732987e+02 7.882161370711386894e-01 -5.520599399996186207e+00 -7.188636060948411455e+00 4.369135210315604922e+00 7.793363111623477835e+00 1.809386407790590567e+01 -5.821998054176276582e+00 1.874490102779304834e+00
3.824692454286552135e+01 -4.825423999793204644e+01 -1.507235884119875990e+01 3.654439089899429405e+01 4.867355571894687039e-01 7.910011613099737104e+00 1.039533795394122784e+01 9.412458238134613353e+00 -2.823607119757180328e+01 -1.996980298105049201e+01 7.377825692560367798e+00 -2.180822033677120686e+00
-2.386767261501967852e+01 5.181304461253236582e+01 2.440270297547257883e+00 6.906603589630049100e+01 4.210456699892262122e-01 -8.008192459074038538e+00 8.050047080623549789e+00 -2.049291690998160931e+01 5.747095080407058276e+01 2.520891603377307888e+01 3.175525922197351747e+00 -1.155208588775451517e+00
-1.448584692353138692e+01 -2.863034034257670513e+01 2.647268667770340755e+00 -1.162313093687760528e+02 8.250740441840918038e-01 5.878718153239628208e+00 2.341886477270941214e+01 3.703065594777271485e+00 -3.171241453108564201e-01 -3.533450468549617085e+00 3.329624564944747078e+01 -5.898416568887952849e+00
-1.652348400366354753e+01 5.855976799360801266e+01 4.821847558733772132e+00 8.649908440671286769e+01 1.875835068330601985e+00 -2.983453418694764991e+00 -1.144838054639458846e+01 1.078700498736160540e+01 1.111286326339299535e+01 1.793053689096331027e+01 3.797493920889928631e+01 3.689220302460682888e-01
-1.215857696093890183e+01 1.971619423275733851e+01 5.693513213160393605e+00 -1.334844796875172221e+02 7.821639637858623928e-01 -2.384402665772135776e+00 -2.019675856688273541e+00 -6.167073125080889895e+00 -8.627220906944501166e+00 -2.067843920094942689e+01 -9.169857608260173265e+00 -4.445429700193415101e-01
-6.825567182858911508e+00 2.248477678293081539e+01 1.000452770325779284e+00 -1.725491417816034243e+02 5.736321306133902453e-01 -1.509670394539881499e+00 -7.110568120840454753e+00 -5.796014035937766096e+00 3.657578512103597745e+00 1.047701166895521396e+01 -9.551675031481138944e+00 2.965888981956368298e-01
