6.017604253227020195e-01 2.214150059802989290e+01 -2.905374881925609998e+00 -1.899052063263977459e+02 3.281543559462960502e-01 6.769096934923823028e+00 -8.400646569713359213e-01 1.636268404552055244e+00 -1.452076623717360349e+01 1.456181466301330829e+00 -5.776522219167489425e+00 -6.072676677991069027e-01
7.887371033715542268e+00 4.025338471640607452e+01 -1.221076852466203455e+00 -2.721361792350027997e+01 -3.002405414475273204e-01 1.212760129815212728e+01 -1.611794588561055619e+01 3.587452936504307743e+00 2.409812784941880537e+01 6.852679477203803771e+00 -3.518920382290357196e+01 -6.386772089831289634e+00
1.561050116611314920e+01 -4.422101245344640574e+01 4.367359893606231225e+00 3.794822472305591532e+01 5.249400768149136809e+00 -4.658658545805396400e+00 3.264513475292705635e+00 2.212887865410177568e+00 3.213687591950588285e+01 5.507698011015897066e+00 -8.787708515258429998e+00 7.476778880023644547e-01
1.458468528711780010e+00 2.818948678052989010e+01 1.646852345897929837e+00 -1.150559988404388179e+02 1.977267939273197328e-01 -3.884829196031347465e-01 4.658808235675262921e+00 -2.426133026486046163e+01 2.290444444739479479e+01 1.448243035392849265e+00 -8.074597214735305784e+00 3.654139267749130227e+00
8.748325677727422089e+00 -6.110289318723004470e+01 6.747246004627754701e+00 8.637286051591865998e+01 8.796507545892495727e-02 -4.328149278168293534e+00 5.183714516830917773e+00 1.642706991348035217e+00 3.554425638383024477e+01 2.038792347300056917e+01 1.550481203815269282e+01 -4.411008015855657050e+00
-2.068409716976099588e+01 -2.862045920608800742e+01 -8.168768516449169681e+00 -6.548925148414579667e+01 1.458291976736134643e-01 1.448785728031310782e+00 4.737388645511238394e+00 1.189032487523867587e+00 -4.216166441567762035e+01 -1.077478767177623808e+01 -1.037465957487225410e+01 1.130412175671295927e+00
-2.924886002728770862e+01 3.422665357857013646e+01 -6.292804171404188907e+00 7.904074995211286137e+01 1.416524819714737760e+00 -6.310991195573198098e+00 -3.292741415928862381e+00 3.416833472413205897e+00 -1.107125229972368459e+02 -3.327814286214158557e+01 1.960615589686074500e+01 -4.193094854458053078e+00
3.492835730496359758e-01 -4.578891616610185622e+01 -2.118062735883391667e+00 1.249867520686871281e+01 3.768143766254006266e-02 -4.647169487529332343e+00 -2.301266515358090459e+01 -2.187961533895338206e+00 2.863664379509082636e+01 6.352951626722894929e+00 -1.662836428677391609e+01 -3.114336079988632378e+00
4.164520367149243185e+01 -3.606653956870945876e+01 9.817941015842762909e+00 1.925077896196250435e+02 -2.942452140415170447e-01 8.812104921242905675e+00 -6.036085818319480722e+01 1.550931346639899289e+00 6.711147706492926091e+01 1.941548984055808091e+01 -1.259102653758199608e+01 -1.705077811613762151e-01
-4.066281343664655168e+01 -3.103210891727480458e+01 -2.044562791511857824e+00 5.640751141202911612e+01 -1.933810486808695828e-02 2.816476400731556140e+00 2.675714267370756971e+01 6.469119570624691562e+00 -6.790221518938122358e+01 -2.963452221321695390e+01 1.139335878441841032e+00 8.373491300592661446e-02
-4.785050778319707376e+00 -2.269862456948983009e+01 -6.719946249327982457e+00 -8.138655720613685673e+01 3.496914972983233838e-02 -4.657273632907418914e+00 -1.334120562820983480e+01 -6.392475908235581983e-01 -1.125829227939988186e+01 4.004597933531925946e+00 -1.536135083645281441e+01 -1.814258116552622369e+00
1.716831400844463928e+01 -4.678319429739039492e+01 -2.848933577357428248e+00 5.952403772867315723e+01 -3.864246396863038058e-01 -4.648262187502481879e+00 -7.503066848109506282e+01 8.544124515239559514e-01 -6.103361141130025658e+01 -1.756663813213720005e+01 1.445649990930476747e+00 -3.169212574618711642e-01
2.819239685789383998e+00 -3.197832452153649996e+01 4.670197164613654195e-01 6.658922873877526172e+01 -3.042386442772553323e-01 -4.246290237197875683e+00 7.356542323806421280e+01 4.463222830943045949e+00 6.345742131871298852e+01 2.193491371154246394e+01 8.109825217629236249e-01 -2.008381633987710302e-01
3.711876438929469657e+01 5.785288552904815162e+01 -7.378807832110680920e-01 1.530141219803111312e+02 9.705567069616733988e-01 2.597892919554570312e+01 7.125003276417912446e+01 1.122175310121325253e+01 -1.729155174582996324e+01 3.299971619380983157e+01 2.433868735485077650e+01 4.661745509467891679e+00
1.849542808932785221e+01 2.233371412741486495e+01 1.917003263102259325e-01 -1.553695659341272517e+02 -9.129150784526984808e-02 -8.376932050767393889e-01 -3.548151885413986406e+00 8.717783571404709164e-01 1.014907096685575993e+00 -1.120260734386391732e+00 -1.526377545290449689e+01 -2.990290814836100708e-01
2.480189691594659251e+01 -6.494816663716545690e+01 9.716929174497455080e-01 7.098141532272862264e+01 3.518224530427254138e-01 -1.874533629258955614e+00 4.309361533816813505e+01 7.854025722281754440e-02 4.722620117761422875e+01 -1.284437205348707067e+01 -4.392409301485031392e+01 -1.536258851769844114e+00
-6.933351945887228140e+00 4.851057302644280611e+01 -2.877395146528979097e+01 1.076041557189628861e+02 -9.180016841028848518e-01 1.661322105595291276e+01 4.140515571236299053e+01 -1.341794128971028677e+01 -2.732496861729617166e+01 1.704174623542323275e+01 -7.748696657326317450e+01 8.058090022045973910e+00
-2.278456420236906865e+01 6.454779169354722512e+01 1.077473889323090006e+01 8.673145016811795927e+01 -5.725775057265494183e-01 1.913668097807402901e+01 4.903049932597096472e+01 4.275723503591759567e+00 -5.382323204600154298e+01 -1.793016199095029606e+01 -3.426011308273501754e+00 -5.825773135706526773e-01
5.949548876814496623e+00 -2.442785787439498790e+01 1.730947711343127082e+00 -1.620143562871873257e+02 -1.209644037160373387e-01 2.659272129327746370e+00 1.195293813437485397e+01 1.418066085827696554e+00 1.561343453001722992e+01 9.939441490982119376e-01 2.543574002064190154e+00 -2.920786857927964775e+00
3.469536510133913509e+00 -6.830261965076383035e+01 9.888967721685588685e-01 1.135962880724899975e+02 1.580502273233719279e-01 1.511705819212895108e+01 4.923100301045946026e+01 1.564917830913472585e-01 4.082294124581667916e+01 1.478768991797102217e+01 2.108992859797874075e+01 -1.737504483156982360e+00
5.714142816094394561e+00 6.130322491141319574e+01 -1.200723700195393917e+01 1.524045004909540353e+02 -2.919182915242402032e-01 1.324286910870833367e+01 7.638843812754565477e+01 1.933023594940394219e+00 4.547018110849927552e+01 1.851180306295913169e+01 2.294032649714290528e+01 -1.231594229137897401e+00
8.260898106470790481e+00 5.928340896536546012e+01 4.056199164197073515e+01 5.890047420191386607e+01 2.044028977104872524e-01 6.162144220950843021e+00 1.300165402283282390e+01 -3.176888198791991158e+01 2.813578800355034559e+01 9.713444438837143480e+00 -3.133207009807109955e+01 2.545057820297813578e-01
8.419419798998072579e+00 -5.315244686352484393e+01 1.206726672569166681e+01 7.949851239397710323e+00 -4.761108876097941423e-01 -4.690187031519922556e+00 -2.480458286568871529e+01 3.592498982699912968e+00 1.814148692324871348e+01 7.228049565352193895e+00 1.633868538474076715e+01 -3.236170776144529526e+00
1.096971381281026936e+01 -6.880078908742834187e+01 2.815757630326611149e+01 2.818765689452978336e+02 -3.127230293534353223e-01 1.257401667764220576e+01 4.075043870935668622e+01 3.484251288013851422e+00 5.619538224533761195e+01 5.771424779889059664e+00 2.203552556718409505e+01 3.676373983625296660e+00
-1.191487924655717023e+01 2.100406900248863451e+01 -9.829141957668007024e+00 -1.609256403601123679e+02 8.629992139373854343e-02 -6.471745262585315572e-01 -4.215421531093745955e+00 2.168019110010902750e+00 -1.678389428420933882e+01 -3.696100888706610021e+00 2.741839006521530564e+00 3.897859498322020499e-01
-1.704802074226884656e+01 -7.266034196104780563e+01 -1.139706382318905398e+01 6.024507680003425492e+01 5.538195093256028656e-01 5.755851164585230606e-01 2.573068302065362190e+00 -7.079451121864924090e+00 -3.676993543041406554e+01 -3.234102965057807921e+01 1.560753430488503568e+01 -3.881481107764784610e+00
3.540799933514904296e-02 -1.525681992105241136e+01 1.076605921441141334e+01 1.596655852272712934e+02 -7.631619018396236243e-01 6.310137966978494717e+00 -5.385597123728334878e+01 2.037344894848253318e+00 5.559108953959187716e+01 3.893534317809709933e+00 -3.250002188537088443e+01 3.454575980941314128e+00
7.340531607776127565e+00 -4.907194084895513697e+01 3.760239550782047413e+00 1.803902345064036439e+01 -5.813387238522151890e-01 -1.078547753128352937e+00 8.522322856185875040e+00 3.887882839254539480e+00 1.445806569818042142e+01 -1.036559083258616454e+00 5.874722550366497487e+00 2.633580516496785151e-01
6.659641466362586470e+00 -2.425865838986071310e+01 3.222820161806644990e+00 -1.750100938107600257e+02 1.120308626151143017e-01 -3.797977000034038042e+00 -7.273293844040360057e+00 1.940737545055604585e+00 1.620045441540861475e+01 7.899037807220892660e+00 9.498968968788688017e-01 -1.266835915011995439e+00
7.455312607082102971e+00 4.110438467763178494e+01 -5.544511602122572214e+00 1.455407427135595810e+01 -4.661910305938441468e-01 -9.270039335141220249e-01 6.036453159437126459e+00 6.318890257902047836e+00 1.854405949858548297e+01 -4.862397028519012565e+00 3.634863627915336792e+00 -6.470174309519052258e+00
5.185749605441699828e+00 6.139855095294478105e+01 -3.207898338648388403e+01 8.773786593020547286e+01 -1.143448563065629031e+00 -1.887865332297401721e+00 4.696912607916701887e+01 5.993745923151095667e+00 -3.205928275817042561e+01 -4.552424275311111046e+00 -2.246045646851015931e+00 -6.939228333089346279e+00
3.514379365616342454e-01 -4.742241137138751128e+01 -1.296775836400109583e+01 4.775749839970968935e+01 -1.046054093802588625e-01 4.996959270264394348e+00 -1.107507863226742444e+02 2.318129282453284645e+00 3.257791674242653102e+01 7.864964312170684479e+00 -1.276185960694597554e+01 1.518275326444111784e+00
-1.012158630746663590e+01 2.236139134221591718e+01 -5.648755822184341469e-01 -1.145195476506179943e+02 4.995690010202338271e-01 2.458726010920820215e+00 -1.445468242458147756e+00 8.802853737261031597e-01 -3.106835312584735220e+01 -2.153773944869762147e+01 6.601161751509380338e+00 -1.658029264450249229e-01
-2.284506217246023851e+01 4.143433611888583812e+01 -2.377841859283417492e+01 1.898949832716654385e+01 -1.519670440128555455e-01 -6.258322963550693174e+00 -3.029469606718500074e+01 7.992547294402015723e+00 -5.636690133860616569e+00 5.133304470633998307e+00 6.709067803780769168e+00 -1.915836845324353277e+00
1.280665183100781235e+01 -7.267265664744247999e+01 -1.290526826735729671e+01 7.510950154348590502e+01 3.668615946459894417e-01 -2.089795357830725919e+01 8.708864473215026436e+00 2.924875776706507224e+00 -2.901202908912826928e+01 -7.277957810739859923e+00 4.883769590992795173e+00 -1.665689922143764079e+01
1.820939069664130727e+01 3.399809001936316832e+01 5.214466704905350802e+00 -2.165765668870774263e+01 1.516462286837985118e-01 -3.892725470091381368e+00 -1.624138572686494797e+01 -1.719600280219577115e+00 -1.112704065197702619e+01 3.807962305406714876e+00 -1.755163295796420542e+01 6.186246016465762665e+00
9.383238063838339471e+00 -4.064867504703413204e+01 3.776574685168153422e+00 -3.517889108097450901e+01 -3.991624436559559896e-01 1.716704215265552058e+00 3.260787416867366062e+00 2.851851218168167890e+00 2.317230700942335986e+01 1.264151298267868384e+01 -1.007140686746964064e+01 -1.270799566341622722e-01
8.552348808614100406e+00 3.244821567991564848e+01 5.458394425426218888e+00 -6.472787963128708100e+01 -2.145885906376586716e-01 -3.783187197511398647e+00 -2.023658765635002865e+01 5.922332748037327121e+00 1.923024283449102256e+01 5.225609467133466524e+00 9.631794883637816440e-01 -3.460320180554173675e+00
-1.963713055572515742e+01 -2.889742511115083090e+01 -2.407940694065466403e+00 -7.487991782600005308e+01 1.064383717970116550e-01 3.021399513918318291e+00 7.084665192625891450e+00 6.331198400412674232e-01 -2.315244452326643909e+01 -2.317786753096868324e+01 -1.244612452437658590e+01 1.130988042811935657e+00
-7.416204356220120530e+00 3.059683498319734340e+01 -7.855216979402680266e+00 1.470611282668902220e+01 -2.437616257512971174e-01 -5.763608617697496328e+00 -2.503512928768464008e+01 4.395136847759843590e+00 -6.867659997497605673e+01 -2.388129283320623841e+01 4.342551018611715108e+00 -7.910618056781686391e-01
8.613832140570423235e-01 -1.917272251305308828e+01 -2.134739457192793566e-01 -1.672949299107721117e+02 1.839309043153249945e-01 -1.089321632248804406e+00 3.134812502589809924e-01 2.196714741317904895e+00 1.546646257281194892e+01 2.612695117182852300e+00 -1.788142446792338092e+01 -2.605035134586159984e+00
-1.262245172171153484e+01 -3.146578475818571263e+01 -1.065993199574397465e+01 -6.377089682906829182e+01 2.855410149147061816e-01 7.376120540792300062e+00 -2.464770206098144456e+00 1.714820246092905620e+00 -3.716457048535889385e+01 -1.099419131849626297e+01 3.624206601733661159e+00 -3.480330893229535150e+00
-1.805101713879842862e+00 2.586615237042347815e+01 -2.077049955843056850e+00 -1.623085959298517196e+02 -1.362784064664985806e-01 2.324638348720213799e-01 3.061220165685807260e+01 -2.049131894440634483e-01 1.829010960814542841e+01 1.148862271407285363e+01 -1.901778306352852610e+00 6.321927513107411301e+00
6.580552677976889697e+00 1.916272084853739699e+01 2.021484860219970869e-01 -2.022606348587976868e+02 -1.545931298745983895e-02 -3.626757179949130716e+00 -6.680029542995455927e+00 2.626171497917844988e+00 1.789494682723650953e+01 8.413869779667777493e+00 -1.333394835543248291e+01 -5.858206715549556520e-01
2.258324634491776806e+01 -4.309717657263806956e+01 -2.078131937376138438e+00 9.119032891804225827e+00 -1.664043258195988528e-01 -6.557342642861581083e+00 1.554495085751837813e+01 3.947898086683549579e+00 -3.713544641266114610e+01 -5.776702277366918992e+00 4.952758182134182618e+00 2.041078001306580347e+00
1.792689799446932852e+00 4.691644504246194458e+01 -6.113962018791596620e-01 7.715225081974548971e+01 -2.366269180359097390e-01 -6.439526159892011492e+00 1.554865253924185708e+01 3.142438163759351255e-01 6.899636876151498655e+01 3.142304592105060124e+01 1.895591477558897964e+01 2.565698000021598091e+00
-1.162891088607924317e+01 -1.669093172691474791e+01 -7.193165649131287864e+00 -8.701859458720622342e+01 -5.979154564850759357e-01 4.563788593504732205e+00 1.548754670306079007e+01 2.832825478215646342e+00 -7.186987358724593378e+00 1.737616194171790340e+01 4.575701187410452064e+00 -7.141758043727122640e+00
6.333697951653405767e+00 4.469561325103389038e+01 -1.291853051141852760e+01 2.132866036838167290e+01 1.333703117584015274e-01 -4.845240500030438824e+00 -2.739335361310563854e+01 3.159958776628879917e+00 4.104079840653638200e+01 2.515832183724995730e+00 2.167664723854522890e+01 -1.349693668067018848e+00
-1.328633031540316267e+01 1.886897701927873783e+01 -7.763727519954450429e+00 -1.333299541217589592e+02 2.336903865478916487e-01 -2.517514084137211228e+00 -3.598584725491924985e+00 1.034106776766073210e+00 -1.714297527144927358e+01 -8.144951718406559849e+00 -1.795676772617534311e+01 -2.018208504174566542e+00
1.241779475562140078e+00 1.756822919102858549e+01 -1.331444376207727487e+00 -1.825971718021432935e+02 -5.082786174568525439e-01 -1.923952004341998645e+00 -4.273956537464393080e+00 1.309891110721103757e+00 1.436705088845613432e+01 2.410925676037976473e+00 -2.591392570379269955e+01 2.028612895242247305e+00
